0
0
0
321
765
096
654
336
9801
121
08
102
9
199999
0000001
9111111
1
0211111
6328789000354938144012424525314386662444
238315737022254827092450630514472259699872989378871418529263
860293747057648641593692092055801916934382989378871418529263
6248993776
813497290564493931234257059530298865562393257974386500297616207213536664030720584496735896
447297668174493931234257059530298865562393257974386500297616207213536664030720584496735896
574346458523438595913200837569406583439517080671059319714114589615443757661904423758769493152167131
634958619269218571860150536314023864566743940584416346955797756970261558734228622380543571074022028
119205177882746177783350373973529358995360031166465755779802346695605216406132155049213075127189159
999999999999999999999999999999999999999999999999999999999999999999999999999999999999999999999999999
619313412940772998981269896978233432098059111487272759488098131584503638562269391348547780688500883
5193134129407729989812698969782334320980591114872727594880981315845036385622693913485477806885008831
