[[1,0]]
[[1,0]]
[[0,4],[0,3],[0,1],[0,0],[0,2]]
[[0,0],[0,1],[0,2],[0,3],[0,4]]
[[1,7],[9,1],[5,4],[4,5],[4,0],[1,4],[1,9],[10,1],[10,0],[5,3]]
[[4,0],[10,0],[9,1],[10,1],[1,4],[5,3],[4,5],[1,7],[5,4],[1,9]]
[[98,0],[33,21],[65,10],[54,17],[25,9],[57,10],[2,45],[15,16],[18,34],[6,34],[50,20],[37,0],[77,3],[94,3],[6,44],[59,2],[22,36],[57,17],[61,3],[4,7],[35,0],[56,12],[1,21],[11,9],[79,1],[29,22],[76,7],[58,6],[11,34],[83,3],[52,6],[97,2],[44,17],[24,27],[89,4],[19,38],[97,0],[7,43],[43,15],[6,12],[65,12],[87,4],[37,8],[79,8],[49,23],[51,2],[56,16],[32,25],[33,20],[75,3]]
[[35,0],[37,0],[97,0],[79,1],[51,2],[59,2],[98,0],[4,7],[61,3],[75,3],[11,9],[25,9],[37,8],[6,12],[52,6],[58,6],[77,3],[97,2],[83,3],[15,16],[57,10],[1,21],[94,3],[56,12],[43,15],[76,7],[33,20],[33,21],[29,22],[87,4],[44,17],[65,10],[24,27],[32,25],[56,16],[54,17],[6,34],[50,20],[11,34],[89,4],[65,12],[18,34],[49,23],[57,17],[22,36],[79,8],[2,45],[6,44],[19,38],[7,43]]
[[390,42],[92,10],[434,13],[538,3],[112,8],[93,4],[482,13],[733,6],[959,1],[313,50],[730,15],[624,21],[402,30],[170,12],[605,25],[623,32],[854,7],[636,12],[556,16],[704,16],[466,5],[379,42],[856,0],[935,6],[242,18],[799,6],[444,42],[706,9],[358,29],[238,51],[584,43],[999,0],[99,81],[88,48],[741,16],[279,24],[340,12],[467,35],[127,24],[257,52],[679,2],[675,2],[680,23],[978,1],[895,7],[461,7],[86,56],[695,30],[150,63],[235,69],[337,62],[710,10],[599,29],[742,9],[834,12],[721,8],[873,8],[341,28],[763,13],[544,26],[105,62],[140,5],[244,67],[683,14],[147,63],[683,19],[95,0],[80,77],[690,11],[489,35],[950,2],[153,35],[750,7],[478,4],[903,5],[159,61],[172,76],[167,17],[594,19],[701,15],[692,1],[577,32],[561,46],[752,15],[413,5],[526,23],[956,0],[381,60],[315,26],[176,55],[803,0],[454,3],[968,0],[881,1],[526,31],[799,16],[44,87],[617,10],[977,1],[53,74]]
[[95,0],[803,0],[692,1],[675,2],[93,4],[454,3],[538,3],[140,5],[413,5],[478,4],[92,10],[112,8],[466,5],[679,2],[461,7],[856,0],[956,0],[170,12],[340,12],[881,1],[968,0],[434,13],[167,17],[950,2],[733,6],[242,18],[617,10],[799,6],[127,24],[482,13],[721,8],[636,12],[706,9],[279,24],[690,11],[556,16],[315,26],[750,7],[710,10],[683,14],[341,28],[153,35],[594,19],[358,29],[959,1],[402,30],[526,23],[742,9],[88,48],[999,0],[624,21],[701,15],[544,26],[683,19],[605,25],[526,31],[86,56],[854,7],[467,35],[379,42],[390,42],[704,16],[238,51],[903,5],[313,50],[257,52],[176,55],[105,62],[489,35],[444,42],[599,29],[159,61],[147,63],[150,63],[53,74],[680,23],[577,32],[977,1],[80,77],[730,15],[873,8],[763,13],[623,32],[741,16],[895,7],[752,15],[337,62],[44,87],[235,69],[99,81],[244,67],[834,12],[935,6],[381,60],[799,16],[172,76],[584,43],[978,1],[561,46],[695,30]]
[[5451,221],[5185,90],[1648,395],[299,372],[5729,19],[3320,184],[7103,132],[4201,143],[9694,1],[8768,9],[8150,78],[7799,94],[3930,249],[2200,186],[5330,138],[1484,211],[5426,170],[7679,10],[8060,65],[3002,80],[4668,207],[6699,4],[929,127],[3477,188],[3233,280],[2157,113],[6051,91],[8836,7],[7194,57],[3718,137],[2649,109],[6897,42],[205,439],[3051,161],[9552,13],[5557,173],[8178,33],[8621,51],[3248,176],[5633,218],[1465,228],[2591,169],[5797,76],[2739,314],[1549,374],[8566,51],[5620,115],[2428,13],[3100,239],[6511,124],[4559,113],[7867,67],[6290,148],[2042,248],[8801,48],[2722,348],[101,103],[6869,50],[8505,46],[6106,58],[8885,43],[2413,212],[980,309],[5990,37],[9710,0],[9188,12],[2557,100],[9412,4],[6926,57],[7578,28],[9540,12],[8553,49],[6281,8],[6414,171],[7966,81],[8179,55],[297,436],[8707,6],[8684,47],[7390,78],[2008,170],[2883,215],[9601,8],[420,351],[7899,51],[9819,1],[2394,153],[6138,81],[4059,164],[9456,1],[896,314],[7701,79],[7192,95],[7358,91],[4574,44],[7790,103],[736,33],[1260,313],[7868,52],[1126,278],[49,179],[3008,154],[5491,215],[1577,134],[9699,5],[9663,13],[8195,10],[7853,58],[29,101],[4269,206],[2922,36],[102,128],[2607,161],[172,318],[6980,135],[5765,110],[942,196],[8994,34],[1606,99],[5833,59],[8077,8],[4247,167],[5229,220],[9063,25],[2101,389],[9430,19],[9820,4],[6731,28],[9002,6],[3146,87],[6476,26],[7673,0],[1300,423],[4194,126],[5713,52],[6138,86],[4351,40],[2808,251],[2551,157],[3939,113],[723,159],[1778,158],[4104,284],[6079,64],[7022,23],[3669,126],[3754,232],[2684,28],[4023,283],[392,57],[3093,332],[5894,83],[7478,24],[4019,25],[4099,98],[2098,95],[7564,100],[8776,50],[2919,14],[4428,159],[5359,0],[5678,1],[8788,7],[7142,126],[2462,295],[2203,390],[6485,92],[2497,193],[5028,5],[9640,15],[2999,116],[5470,228],[6944,137],[2465,364],[6638,63],[2690,91],[6718,151],[6523,162],[8256,19],[9303,19],[7816,86],[6701,103],[5519,203],[3136,201],[4004,45],[5214,236],[9966,0],[2240,316],[3697,285],[6463,46],[9369,1],[3037,240],[2695,33],[6498,168],[6501,135],[6960,75],[1830,403],[5731,6],[644,122],[7410,26],[7463,40],[6951,119],[6332,159],[9760,1],[6035,21],[2605,41],[8238,18],[5541,12],[7202,15],[2954,339],[8954,46],[7583,14],[8738,33],[6101,38],[2139,386],[4798,56],[7211,105],[9232,16],[196,74],[2790,165],[7976,17],[4196,147],[8966,2],[4030,104],[8679,5],[805,95],[6254,72],[1377,164],[9696,1],[840,431],[9860,2],[95,11],[8039,69],[2313,356],[3733,124],[5680,77],[418,114],[9169,13],[1782,334],[1374,258],[4599,235],[6874,89],[2486,231],[751,44],[7348,63],[2254,251],[7587,8],[8083,72],[1500,81],[9035,34],[5310,86],[5899,125],[6323,63],[2665,129],[397,333],[5697,161],[5701,212],[3899,97],[742,406],[2555,21],[7456,104],[7420,10],[4354,170],[1271,135],[1445,159],[21,343],[1633,395],[4550,102],[9503,10],[9676,2],[9957,0],[6182,55],[8302,29],[3657,4],[2820,311],[7701,107],[1031,226],[6449,177],[4166,51],[8648,41],[1089,87],[9440,22],[1916,91],[6230,76],[4421,189],[7113,56],[4377,105],[8637,60],[2619,317],[7608,115],[9853,3],[8909,48],[2910,174],[7786,94],[1132,252],[8977,15],[1470,279],[2040,276],[3863,10],[6561,43],[2753,288],[3787,304],[6580,53],[216,423],[4303,225],[8489,59],[4490,25],[830,116],[2437,1],[7417,81],[3996,64],[1856,214],[213,441],[2403,83],[1971,401],[9365,6],[7671,32],[8411,7],[3654,292],[5653,85],[5209,228],[3708,33],[4896,77],[4023,47],[548,386],[5288,236],[8775,21],[8008,87],[7986,3],[2146,267],[5289,109],[9440,10],[9215,23],[4389,251],[8055,30],[3763,92],[5404,224],[794,303],[2889,94],[825,437],[9071,14],[7599,59],[3763,146],[5881,180],[1355,34],[4466,17],[3976,265],[8343,33],[8045,30],[6249,84],[8033,6],[3861,81],[5327,8],[5425,65],[6731,34],[1621,388],[9209,6],[324,50],[8568,25],[717,376],[6371,164],[7361,12],[3183,213],[586,228],[2400,76],[9245,24],[3540,162],[8105,31],[8033,64],[4274,74],[2136,84],[7929,49],[7117,11],[4032,73],[4146,221],[3948,52],[1048,444],[2704,196],[7812,87],[7196,47],[584,309],[8865,32],[2716,321],[5376,150],[1573,344],[2278,203],[5957,108],[912,422],[6695,59],[6395,111],[8732,40],[8953,4],[2193,263],[8722,59],[3240,12],[863,109],[8940,35],[1632,390],[2753,40],[122,387],[5250,145],[808,69],[6165,79],[7343,110],[3443,35],[4158,203],[2179,245],[3283,209],[3191,282],[566,203],[8399,19],[639,197],[2986,57],[6399,9],[6413,30],[3471,131],[1923,369],[8669,42],[4880,135],[1165,401],[9238,18],[2606,6],[3418,160],[2559,316],[8332,56],[4830,186],[1748,229],[4479,17],[508,151],[8047,23],[6837,89],[5884,64],[6509,138],[1942,153],[5849,14],[7310,100],[8975,5],[1666,68],[4146,233],[4971,169],[2735,97],[5294,81],[5850,196],[6884,151],[6170,167],[802,279],[3696,239],[924,35],[2076,281],[8041,7],[544,289],[5481,184],[8310,17],[2566,97],[2410,59],[4670,204],[1007,345],[9729,3],[8209,60],[498,217],[3666,27],[1608,261],[3810,29],[7747,46],[9136,1],[112,214],[4952,35],[1157,355],[4434,65],[5470,175],[6095,109],[1490,110],[2372,237],[3601,281],[8801,13],[2753,351],[7635,107],[2514,338],[4924,139],[6480,82],[4021,263],[2935,337],[2917,90],[5742,31],[6558,138],[5965,36],[4346,0],[4983,161],[9093,24],[5755,129],[890,418],[1013,223],[6788,34],[9225,22],[3645,49],[7939,35],[145,254],[2104,24],[3053,56],[9767,5]]
[[4346,0],[2437,1],[5359,0],[7673,0],[5678,1],[3657,4],[9710,0],[2606,6],[9136,1],[5028,5],[8966,2],[95,11],[6699,4],[7986,3],[2428,13],[3863,10],[3240,12],[5327,8],[2919,14],[5731,6],[9369,1],[8953,4],[6281,8],[8679,5],[2555,21],[2104,24],[5541,12],[6399,9],[4466,17],[4479,17],[7587,8],[8033,6],[7420,10],[5849,14],[736,33],[2684,28],[1355,34],[924,35],[7117,11],[4019,25],[3666,27],[9456,1],[7361,12],[2695,33],[3810,29],[5729,19],[751,44],[4490,25],[8041,7],[2922,36],[2605,41],[324,50],[3443,35],[3708,33],[2753,40],[7679,10],[7202,15],[8411,7],[6035,21],[392,57],[7583,14],[8077,8],[8707,6],[9694,1],[8195,10],[4952,35],[7022,23],[2410,59],[4351,40],[8788,7],[3645,49],[6476,26],[4004,45],[5742,31],[808,69],[196,74],[8836,7],[1666,68],[3053,56],[2986,57],[7976,17],[4023,47],[8768,9],[6413,30],[3948,52],[4574,44],[6731,28],[2400,76],[4166,51],[8975,5],[1500,81],[5965,36],[7478,24],[5990,37],[7410,26],[1089,87],[9676,2],[2136,84],[2403,83],[6101,38],[9002,6],[29,101],[805,95],[6731,34],[3996,64],[101,103],[1916,91],[9412,4],[6788,34],[4798,56],[8310,17],[2098,95],[7578,28],[1606,99],[3002,80],[5713,52],[8238,18],[4434,65],[9209,6],[863,109],[418,114],[8256,19],[2690,91],[6561,43],[2917,90],[1490,110],[2566,97],[830,116],[8047,23],[644,122],[4032,73],[102,128],[2557,100],[3146,87],[2889,94],[6463,46],[2735,97],[3861,81],[8801,13],[2157,113],[4274,74],[8399,19],[6897,42],[929,127],[7671,32],[5425,65],[5833,59],[2649,109],[9365,6],[6182,55],[3763,92],[9696,1],[9957,0],[1271,135],[6106,58],[7463,40],[1577,134],[4896,77],[5884,64],[508,151],[9760,1],[6580,53],[3899,97],[8045,30],[6079,64],[6869,50],[5294,81],[7196,47],[2999,116],[723,159],[5680,77],[7939,35],[2665,129],[4099,98],[6323,63],[9819,1],[5310,86],[5797,76],[4030,104],[8055,30],[49,179],[5185,90],[1445,159],[1942,153],[6695,59],[3939,113],[5653,85],[1377,164],[1778,158],[9188,12],[2394,153],[8775,21],[8105,31],[4377,105],[3733,124],[3669,126],[6638,63],[3471,131],[4550,102],[6254,72],[2551,157],[8568,25],[6926,57],[2008,170],[7113,56],[5894,83],[6230,76],[639,197],[8302,29],[6165,79],[8178,33],[6138,81],[2607,161],[566,203],[3718,137],[7194,57],[4559,113],[8977,15],[942,196],[112,214],[9071,14],[2591,169],[5289,109],[4194,126],[3008,154],[7747,46],[6138,86],[498,217],[9169,13],[2200,186],[2790,165],[6051,91],[3763,146],[9729,3],[6249,84],[3051,161],[9601,8],[7929,49],[3418,160],[8343,33],[7348,63],[586,228],[1484,211],[2910,174],[7899,51],[2497,193],[6480,82],[3540,162],[5620,115],[1013,223],[2278,203],[7868,52],[9440,10],[1031,226],[1856,214],[5765,110],[9699,5],[4201,143],[7599,59],[6960,75],[145,254],[5957,108],[1465,228],[4196,147],[3248,176],[9503,10],[4880,135],[9232,16],[2413,212],[2704,196],[1748,229],[9966,0],[7853,58],[8738,33],[6485,92],[4924,139],[3320,184],[6095,109],[9860,2],[9238,18],[9063,25],[9093,24],[1132,252],[4059,164],[8865,32],[3477,188],[5330,138],[6837,89],[8648,41],[4428,159],[5250,145],[1374,258],[2372,237],[3136,201],[2486,231],[5755,129],[6874,89],[2042,248],[2883,215],[802,279],[2179,245],[4247,167],[544,289],[7390,78],[5899,125],[1608,261],[9540,12],[8669,42],[7867,67],[8732,40],[1126,278],[2254,251],[4354,170],[6395,111],[3283,209],[7417,81],[3183,213],[8505,46],[5376,150],[1470,279],[8179,55],[4983,161],[6701,103],[2193,263],[584,309],[172,318],[794,303],[8033,64],[2146,267],[9303,19],[9225,22],[8940,35],[7192,95],[2040,276],[7358,91],[4971,169],[8553,49],[9215,23],[7701,79],[9853,3],[2076,281],[980,309],[8039,69],[21,343],[896,314],[397,333],[8060,65],[4421,189],[8209,60],[7310,100],[8332,56],[3037,240],[2808,251],[4158,203],[1260,313],[3100,239],[5697,161],[6511,124],[8566,51],[4830,186],[8684,47],[5426,170],[8621,51],[7211,105],[4269,206],[420,351],[7816,86],[7812,87],[5557,173],[3754,232],[5470,175],[9552,13],[7966,81],[3696,239],[8994,34],[6951,119],[4146,221],[6501,135],[7564,100],[2462,295],[7343,110],[9767,5],[299,372],[1007,345],[4670,204],[6509,138],[5481,184],[4668,207],[6290,148],[7456,104],[6558,138],[4146,233],[2240,316],[2753,288],[122,387],[8083,72],[1782,334],[4303,225],[8489,59],[7786,94],[1157,355],[717,376],[1573,344],[7799,94],[3930,249],[9035,34],[548,386],[9430,19],[8885,43],[7142,126],[9245,24],[5881,180],[3233,280],[8008,87],[3191,282],[2559,316],[6332,159],[6170,167],[8801,48],[7103,132],[7635,107],[5519,203],[2619,317],[6944,137],[6980,135],[6371,164],[3601,281],[2739,314],[8776,50],[2820,311],[5229,220],[3976,265],[8150,78],[1549,374],[216,423],[2716,321],[742,406],[2514,338],[4021,263],[7790,103],[4599,235],[1923,369],[7701,107],[6718,151],[3697,285],[2313,356],[8637,60],[5850,196],[297,436],[3654,292],[205,439],[9663,13],[5209,228],[213,441],[1165,401],[4389,251],[5491,215],[9820,4],[1621,388],[890,418],[6523,162],[7608,115],[1632,390],[5451,221],[5404,224],[912,422],[6414,171],[9640,15],[5214,236],[1633,395],[1648,395],[840,431],[5701,212],[6498,168],[2465,364],[4023,283],[825,437],[5288,236],[5633,218],[2139,386],[2101,389],[9440,22],[2722,348],[1300,423],[6884,151],[5470,228],[1830,403],[2935,337],[8722,59],[1971,401],[4104,284],[2753,351],[2954,339],[2203,390],[3093,332],[8909,48],[3787,304],[1048,444],[6449,177],[8954,46]]
[[42878,573],[44918,475],[38400,121],[93811,34],[36254,619],[45395,334],[16970,723],[14757,626],[95107,25],[31345,38],[81453,68],[36927,135],[6968,763],[67716,196],[7022,851],[95,955],[1399,124],[51482,119],[30573,694],[52275,207],[18062,671],[36941,597],[93363,69],[20337,25],[9464,565],[11260,651],[25441,281],[70958,106],[13344,110],[90953,26],[38257,414],[13445,5],[69568,143],[14883,797],[55963,39],[58505,341],[21664,589],[40405,299],[50696,27],[24060,268],[52791,416],[86016,105],[88173,4],[31556,244],[30090,60],[24274,464],[11085,642],[11011,239],[83876,93],[31101,515],[93291,51],[77252,7],[87664,47],[88396,48],[71991,218],[34009,435],[89955,45],[86888,17],[58427,301],[51333,375],[97863,2],[51850,265],[15835,587],[39859,567],[18403,785],[48291,285],[17124,358],[12261,735],[15011,693],[8655,476],[70694,57],[24121,635],[17217,614],[85398,143],[43738,76],[90202,76],[10966,578],[91102,80],[77775,95],[84756,62],[40931,64],[48661,335],[99347,6],[99147,10],[92412,76],[19228,628],[28026,114],[26966,700],[99423,7],[67828,54],[93222,65],[37138,192],[99906,0],[22338,241],[47628,385],[49777,417],[77224,176],[27942,435],[48759,476],[69736,256],[46492,353],[98650,13],[77984,190],[33851,160],[10331,869],[85088,0],[64345,203],[53073,38],[91359,51],[46800,512],[83941,40],[39193,318],[10445,173],[57872,317],[91915,71],[82413,9],[13892,16],[47785,35],[53178,214],[99598,3],[32182,323],[36627,465],[49388,127],[70659,95],[84345,40],[82265,126],[96021,26],[10382,201],[12621,126],[96621,26],[66929,208],[41620,292],[27770,112],[49008,18],[71433,237],[51346,439],[23456,369],[45646,100],[81946,159],[98055,18],[67416,98],[51664,271],[99820,0],[68394,148],[68744,85],[14460,89],[41689,529],[44442,42],[52610,384],[61430,310],[6176,460],[11626,723],[46763,405],[79839,27],[7338,251],[10464,519],[40089,589],[21681,311],[52609,259],[17387,732],[13993,0],[20944,448],[98451,0],[38347,350],[17564,235],[85378,84],[88008,50],[56707,96],[58095,168],[34579,570],[58386,101],[10507,655],[74978,193],[54921,44],[33867,500],[85677,31],[82490,168],[6111,657],[23092,387],[97652,6],[88500,5],[38585,515],[4663,642],[72587,154],[71384,66],[78042,82],[99511,5],[22681,736],[33137,487],[97354,18],[57268,124],[12947,687],[84246,157],[61288,21],[42275,529],[66003,296],[514,820],[46264,328],[53200,438],[67572,282],[85287,49],[38572,181],[39609,214],[89337,28],[27280,444],[87116,77],[60008,143],[70892,198],[40779,29],[86394,36],[28858,364],[81853,125],[695,860],[11688,718],[36026,304],[27698,532],[73786,143],[75324,150],[53452,114],[26912,130],[81530,96],[24290,416],[60837,308],[30938,110],[21507,269],[73583,36],[96526,31],[22374,69],[96759,16],[18060,294],[8743,896],[67270,243],[23253,660],[20352,98],[61311,204],[54250,462],[4503,617],[10749,715],[27529,365],[7805,165],[44733,395],[20119,173],[53488,230],[81881,173],[73015,201],[73211,227],[88497,45],[47437,425],[38275,606],[53155,220],[6582,364],[97740,20],[90761,92],[86855,55],[67355,93],[43486,468],[76714,4],[75247,112],[34424,545],[80047,146],[66556,143],[60095,172],[50172,263],[90921,85],[16836,595],[37794,162],[49336,10],[67277,198],[71538,284],[5642,776],[42718,369],[85592,127],[12154,355],[96127,21],[49892,280],[11631,219],[13210,808],[14664,695],[13933,320],[23688,608],[25053,330],[52309,66],[3866,146],[39763,11],[36810,497],[77526,218],[40406,248],[74361,48],[24214,311],[3474,736],[51709,235],[69715,211],[56431,311],[59493,342],[80696,32],[48692,271],[25765,449],[9147,872],[82323,161],[1797,946],[8741,165],[989,122],[95015,11],[73727,56],[27182,708],[35484,360],[23832,706],[58012,23],[51170,423],[12194,748],[62048,287],[73969,42],[2063,252],[18873,252],[68164,11],[5340,830],[85977,33],[43420,191],[47442,65],[12041,834],[53398,445],[16748,798],[59673,333],[79983,17],[82468,113],[27089,410],[81682,156],[81144,159],[79777,122],[43028,43],[40547,517],[63603,274],[48332,163],[60372,342],[60934,0],[31417,9],[78503,120],[79918,181],[15181,763],[59554,210],[54577,91],[26403,612],[51412,208],[99894,1],[62856,59],[55818,363],[31243,596],[70566,224],[70456,242],[68948,78],[14258,540],[82496,56],[56294,91],[58123,135],[13403,781],[12049,218],[82768,136],[39466,408],[29189,495],[72723,34],[92337,76],[4877,672],[17246,634],[54947,100],[45876,298],[65222,98],[21962,518],[43607,233],[96050,27],[88242,87],[71548,92],[87600,18],[66134,129],[13287,575],[37104,551],[66666,72],[65950,314],[94041,5],[65864,262],[96208,18],[37481,63],[32947,240],[45332,318],[49737,278],[86433,125],[88673,69],[68781,265],[64390,113],[66766,12],[23594,380],[54041,441],[51505,475],[43164,242],[1445,973],[58737,351],[80635,28],[93504,56],[90116,70],[82561,172],[249,682],[54479,394],[54452,269],[96981,15],[73094,259],[38650,308],[50877,267],[59269,2],[54679,435],[7504,291],[93025,14],[34131,319],[32013,300],[40279,90],[63048,183],[59813,48],[59694,158],[35418,366],[28947,451],[18742,389],[17517,623],[14956,57],[76227,82],[93594,35],[40480,73],[23686,85],[27956,175],[29524,664],[69411,75],[78907,194],[35331,531],[47712,217],[12067,466],[37278,457],[33157,102],[85550,92],[15780,603],[7451,898],[71455,111],[77710,7],[9781,225],[8691,462],[44850,248],[83819,117],[79677,69],[71872,29],[13509,116],[90262,33],[60877,286],[30995,436],[86880,109],[463,85],[42294,123],[40176,474],[69110,196],[74002,252],[67124,225],[19166,785],[49171,17],[82276,30],[78384,26],[24457,387],[897,251],[62394,127],[64875,188],[67668,229],[58,839],[91697,75],[63815,123],[85683,101],[80731,196],[14818,277],[29324,596],[26028,187],[98530,16],[12283,788],[17255,676],[79229,72],[99031,17],[18063,330],[1231,137],[11146,829],[16331,157],[46286,78],[44965,62],[4775,202],[45323,145],[93483,31],[28202,108],[91612,27],[76110,46],[78785,146],[41741,73],[56414,254],[67170,88],[19961,176],[9043,823],[91872,39],[59057,221],[31994,537],[81502,93],[16363,505],[39872,63],[71557,54],[82724,130],[84536,120],[10310,800],[49507,147],[58740,239],[70875,27],[44175,323],[80398,188],[18893,325],[743,877],[23789,588],[2477,860],[43470,194],[45019,300],[45378,330],[34437,132],[95346,45],[49285,192],[21608,678],[57089,350],[39771,82],[74680,251],[35185,216],[16289,5],[39248,390],[24652,377],[88273,105],[86966,124],[58761,413],[19345,64],[48028,160],[7711,816],[20361,427],[4421,285],[14509,722],[94087,28],[55856,229],[53441,305],[80008,58],[45981,436],[18860,492],[97709,26],[75341,66],[82531,149],[24206,737],[84974,105],[22688,396],[49297,188],[91065,60],[12492,646],[77231,101],[65444,46],[60797,188],[72648,109],[97572,12],[8200,317],[60125,196],[1748,277],[83893,122],[63310,266],[94299,49],[71404,26],[26197,387],[62211,187],[5902,144],[5667,551],[37616,74],[85107,127],[5061,275],[12042,753],[50518,192],[80314,195],[65563,87],[10397,106],[51958,200],[9122,430],[57291,338],[62374,47],[58041,151],[25139,687],[69419,139],[61249,225],[94092,38],[47709,213],[3267,252],[20135,120],[36994,285],[38398,386],[41286,521],[51153,61],[45126,453],[28768,175],[74198,192],[1326,312],[64998,56],[12254,113],[7126,599],[76077,35],[23112,478],[89194,43],[95866,15],[70968,291],[52736,404],[33175,242],[83469,13],[67606,104],[17163,97],[51546,427],[80065,6],[34630,61],[43447,286],[73391,266],[95133,48],[94015,59],[34219,31],[33416,39],[27187,650],[82088,107],[83322,17],[81658,63],[67676,15],[71167,150],[28007,115],[93017,65],[338,462],[80740,64],[15577,831],[81733,165],[52244,88],[12527,729],[73915,98],[91499,78],[71026,125],[28669,582],[99076,1],[72119,57],[59764,314],[84893,32],[69673,46],[65867,305],[98520,3],[44787,387],[81924,147],[14619,513],[28178,474],[64784,355],[48405,2],[24931,315],[36842,629],[69735,123],[54201,440],[25729,327],[8217,311],[44248,545],[11825,596],[5993,616],[91705,10],[50111,153],[23938,510],[13428,171],[38522,498],[78360,8],[4960,421],[32408,385],[61634,120],[50534,116],[46774,116],[1270,474],[68611,228],[23774,351],[25607,607],[83794,128],[84022,156],[90595,80],[62439,361],[62462,315],[18549,207],[59333,366],[22434,686],[69504,262],[31148,139],[70353,297],[81117,187],[67326,146],[7101,905],[86028,7],[73690,7],[94676,3],[35344,294],[22217,99],[18568,450],[84441,39],[65055,11],[89366,80],[80917,11],[6277,599],[89245,34],[86592,7],[39024,602],[34604,441],[21687,204],[45411,120],[99421,6],[15729,444],[95125,31],[56669,416],[40466,593],[99274,2],[52951,406],[65830,28],[59039,210],[86268,17],[69547,23],[42253,514],[85868,127],[68604,121],[7069,696],[12064,451],[16700,701],[27291,180],[94850,16],[49269,114],[99187,1],[31770,247],[99809,0],[91842,48],[46637,476],[11989,869],[7060,63],[99413,8],[75460,85],[9866,485],[97001,28],[59168,121],[42252,6],[55774,286],[69168,218],[73105,118],[54944,257],[35545,413],[81638,69],[13399,318],[31341,573],[16142,49],[81705,184],[77603,215],[40399,192],[67036,188],[25733,718],[6737,188],[53657,419],[148,864],[31758,437],[39846,552],[17026,797],[92248,61],[46034,328],[50315,184],[45820,209],[4817,858],[68613,171],[8609,259],[14638,216],[37709,511],[31489,186],[94471,42],[95388,40],[6230,59],[46832,209],[81321,36],[21348,381],[51985,276],[8897,403],[55071,270],[13030,612],[92176,74],[56940,81],[89982,43],[84480,154],[87632,26],[58929,105],[18829,340],[98638,11],[19554,446],[60411,178],[68678,18],[42231,163],[55507,442],[86996,59],[3855,829],[81076,126],[87831,83],[76638,22],[15535,388],[46578,348],[95028,1],[1139,353],[69320,185],[18087,35],[56459,183],[22623,107],[7399,511],[19605,564],[3910,272],[23457,482],[56386,391],[22685,87],[86950,22],[2270,424],[36721,554],[24284,185],[63720,363],[36990,301],[80105,78],[9478,37],[98124,4],[39359,520],[13648,350],[3960,516],[24567,274],[29003,153],[53351,337],[56579,7],[65039,309],[79988,3],[77029,126],[79670,72],[28221,528],[58301,187],[42490,304],[39258,282],[469,150],[47089,533],[24511,348],[75783,209],[44055,110],[14227,201],[49655,329],[55700,166],[56248,421],[56673,295],[66527,273],[84900,102],[54385,237],[65853,163],[11365,149],[22241,645],[99988,0],[21293,143],[49907,401],[85246,0],[4684,762],[38413,11],[11371,320],[38527,537],[22840,761],[21808,294],[51139,461],[39500,215],[62820,348],[37913,515],[3582,952],[7095,57],[32794,88],[64542,279],[17059,555],[84978,49],[96791,29],[59139,302],[35577,153],[60706,134],[78779,51],[22543,663],[82855,136],[22393,583],[62997,211],[5019,333],[59517,391],[97697,5],[61859,98],[44844,408],[14927,199],[69051,272],[20800,104],[9767,483],[95788,33],[76476,153],[39008,157],[99398,3],[33887,458],[48191,413],[28464,197],[87261,75],[69892,18],[30226,155],[82601,49],[50335,507],[30931,261],[71619,132],[83577,77],[2832,860],[7305,759],[27787,194],[16590,810],[97327,10],[67856,266],[31873,553],[56863,23],[96030,17],[97150,30],[99778,0],[53614,103],[78586,121],[26985,197],[98688,9],[55135,392],[1600,933],[82414,144],[46793,104],[940,86],[78412,121],[2602,386],[58260,60],[15384,610],[57840,388],[54046,66],[37723,393],[33545,152],[52326,92],[75980,241],[88649,110],[3255,667],[58484,113],[23525,65],[20257,739],[16775,725],[93853,43],[24793,442],[95907,44],[79112,151],[74570,109],[3762,647],[60004,379],[23573,5],[56866,391],[79861,145],[78735,71],[81368,121],[19240,6],[8316,568],[88544,66],[96401,2],[96163,42],[7635,146],[76222,178],[21662,447],[62879,374],[69967,193],[75769,109],[2601,444],[35518,407],[89993,72],[80434,197],[72553,234],[47911,524],[92889,41],[63658,125],[80165,202],[53463,332],[74075,134],[40697,148],[71546,127],[13211,587],[42671,196],[64319,268],[7284,194],[3588,158],[66490,139],[12237,21],[19231,535],[2276,947],[9188,381],[79880,215],[97724,7],[28700,693],[62638,367],[36738,568],[71403,212],[9922,244],[91981,24],[12722,616],[68429,186],[93244,65],[98362,10],[60962,53],[38337,150],[77158,228]]
[[13993,0],[60934,0],[85088,0],[48405,2],[59269,2],[13445,5],[85246,0],[16289,5],[23573,5],[19240,6],[98451,0],[42252,6],[79988,3],[76714,4],[31417,9],[56579,7],[95028,1],[13892,16],[38413,11],[39763,11],[99778,0],[12237,21],[49336,10],[73690,7],[94676,3],[77252,7],[77710,7],[65055,11],[68164,11],[49171,17],[49008,18],[20337,25],[66766,12],[80065,6],[78360,8],[88173,4],[67676,15],[9478,37],[96401,2],[88500,5],[82413,9],[18087,35],[34219,31],[40779,29],[56863,23],[58012,23],[61288,21],[50696,27],[31345,38],[86028,7],[68678,18],[33416,39],[69892,18],[47785,35],[16142,49],[80917,11],[86592,7],[7095,57],[94041,5],[6230,59],[97863,2],[69547,23],[65830,28],[44442,42],[7060,63],[14956,57],[43028,43],[79983,17],[76638,22],[53073,38],[83469,13],[55963,39],[99076,1],[71404,26],[70875,27],[30090,60],[99187,1],[19345,64],[54921,44],[97697,5],[23525,65],[83322,17],[71872,29],[34630,61],[22374,69],[463,85],[91705,10],[940,86],[97652,6],[37481,63],[98124,4],[78384,26],[39872,63],[98520,3],[72723,34],[40931,64],[59813,48],[44965,62],[79839,27],[14460,89],[62374,47],[65444,46],[37616,74],[47442,65],[86268,17],[40480,73],[22685,87],[23686,85],[73583,36],[51153,61],[41741,73],[17163,97],[10397,106],[76077,35],[60962,53],[95015,11],[32794,88],[86888,17],[13344,110],[20352,98],[39771,82],[12254,113],[22217,99],[93025,14],[989,122],[43738,76],[52309,66],[1399,124],[58260,60],[13509,116],[20800,104],[54046,66],[69673,46],[46286,78],[80635,28],[64998,56],[22623,107],[12621,126],[40279,90],[87600,18],[1231,137],[97724,7],[33157,102],[62856,59],[28202,108],[73969,42],[20135,120],[67828,54],[97327,10],[5902,144],[27770,112],[469,150],[3866,146],[30938,110],[82276,30],[28026,114],[28007,115],[7635,146],[80696,32],[99809,0],[86950,22],[76110,46],[74361,48],[11365,149],[3588,158],[71557,54],[70694,57],[99274,2],[94850,16],[52244,88],[56940,81],[97572,12],[45646,100],[26912,130],[81321,36],[72119,57],[84893,32],[52326,92],[7805,165],[8741,165],[66666,72],[21293,143],[46793,104],[38400,121],[54577,91],[44055,110],[95866,15],[16331,157],[73727,56],[56294,91],[10445,173],[85677,31],[99820,0],[34437,132],[13428,171],[31148,139],[71384,66],[87632,26],[6737,188],[85977,33],[96981,15],[36927,135],[56707,96],[42294,123],[46774,116],[53614,103],[45411,120],[7284,194],[54947,100],[29003,153],[4775,202],[69411,75],[78779,51],[20119,173],[49269,114],[30226,155],[19961,176],[84441,39],[68948,78],[83941,40],[10382,201],[50534,116],[33545,152],[65563,87],[84345,40],[91981,24],[90953,26],[35577,153],[38337,150],[53452,114],[51482,119],[33851,160],[14927,199],[14227,201],[27956,175],[58386,101],[96030,17],[67170,88],[27291,180],[28768,175],[40697,148],[12049,218],[11631,219],[61859,98],[9781,225],[24284,185],[49388,127],[75341,66],[26028,187],[39008,157],[58929,105],[18549,207],[37794,162],[897,251],[14638,216],[68744,85],[89337,28],[86394,36],[45323,145],[2063,252],[3267,252],[65222,98],[21687,204],[82601,49],[67355,93],[11011,239],[27787,194],[9922,244],[26985,197],[7338,251],[91612,27],[58484,113],[80008,58],[96759,16],[31489,186],[96208,18],[99398,3],[28464,197],[67416,98],[42231,163],[8609,259],[99598,3],[89245,34],[3910,272],[1748,277],[57268,124],[82496,56],[84978,49],[17564,235],[5061,275],[49507,147],[59168,121],[38572,181],[64390,113],[79677,69],[78735,71],[67606,104],[37138,192],[4421,285],[61634,120],[48028,160],[50111,153],[90262,33],[70659,95],[48332,163],[96127,21],[71548,92],[58123,135],[79229,72],[79670,72],[18873,252],[22338,241],[63815,123],[40399,192],[7504,291],[76227,82],[63658,125],[62394,127],[1326,312],[60706,134],[75460,85],[80740,64],[85287,49],[81658,63],[35185,216],[43420,191],[94087,28],[78042,82],[14818,277],[98362,10],[42671,196],[43470,194],[93483,31],[58041,151],[60008,143],[39609,214],[39500,215],[70958,106],[8217,311],[95107,25],[81453,68],[21507,269],[73915,98],[66134,129],[8200,317],[32947,240],[55700,166],[99906,0],[31556,244],[5019,333],[68604,121],[33175,242],[24060,268],[81638,69],[31770,247],[49297,188],[18060,294],[50315,184],[1139,353],[97354,18],[89194,43],[11371,320],[49285,192],[24567,274],[71455,111],[80105,78],[13399,318],[30931,261],[88497,45],[59694,158],[72648,109],[45820,209],[25441,281],[13933,320],[84756,62],[21808,294],[50518,192],[58095,168],[46832,209],[66490,139],[69735,123],[87664,47],[77775,95],[93811,34],[47709,213],[6582,364],[66556,143],[93594,35],[56459,183],[88396,48],[47712,217],[77231,101],[21681,311],[43607,233],[74570,109],[51958,200],[18893,325],[2602,386],[40406,248],[18063,330],[71026,125],[12154,355],[86855,55],[67326,146],[88008,50],[13648,350],[43164,242],[60095,172],[73105,118],[24214,311],[51412,208],[75769,109],[75247,112],[52275,207],[18829,340],[69419,139],[9188,381],[71546,127],[24931,315],[89982,43],[58301,187],[60411,178],[91872,39],[44850,248],[68394,148],[89955,45],[36994,285],[17124,358],[65853,163],[32013,300],[96021,26],[53178,214],[69568,143],[25729,327],[98688,9],[2270,424],[25053,330],[83577,77],[35344,294],[8897,403],[4960,421],[39258,282],[86996,59],[71619,132],[53155,220],[99347,6],[60797,188],[92889,41],[96050,27],[95125,31],[36990,301],[63048,183],[36026,304],[62211,187],[23774,351],[24511,348],[2601,444],[60125,196],[15535,388],[51709,235],[98638,11],[94092,38],[338,462],[32182,323],[81502,93],[91842,48],[53488,230],[34131,319],[91359,51],[99511,5],[9122,430],[81530,96],[18742,389],[59039,210],[23456,369],[71167,150],[41620,292],[21348,381],[55856,229],[38650,308],[40405,299],[64875,188],[1270,474],[43447,286],[59554,210],[95788,33],[6176,460],[54385,237],[74075,134],[93853,43],[96621,26],[23594,380],[27529,365],[99147,10],[48692,271],[23092,387],[39193,318],[24652,377],[61311,204],[50172,263],[68613,171],[77029,126],[8691,462],[28858,364],[59057,221],[22688,396],[42490,304],[12064,451],[24457,387],[94471,42],[78503,120],[73786,143],[78412,121],[98055,18],[50877,267],[48291,285],[8655,476],[67036,188],[26197,387],[45019,300],[52609,259],[51850,265],[15729,444],[45876,298],[12067,466],[64345,203],[49737,278],[78586,121],[20361,427],[83876,93],[9767,483],[49892,280],[72587,154],[51664,271],[9866,485],[85378,84],[3960,516],[35484,360],[38347,350],[62997,211],[88544,66],[87261,75],[54944,257],[18568,450],[35418,366],[24290,416],[7399,511],[19554,446],[93291,51],[58740,239],[56414,254],[51985,276],[44175,323],[32408,385],[27089,410],[45332,318],[68429,186],[20944,448],[87116,77],[61249,225],[21662,447],[79777,122],[91065,60],[67277,198],[54452,269],[82088,107],[69320,185],[97740,20],[67716,196],[75324,150],[45378,330],[55071,270],[88673,69],[46034,328],[46264,328],[10464,519],[45395,334],[5667,551],[98650,13],[66929,208],[85550,92],[96526,31],[24793,442],[95388,40],[96791,29],[94299,49],[81368,121],[38398,386],[69110,196],[27942,435],[82468,113],[18860,492],[76476,153],[14619,513],[37723,393],[16363,505],[84900,102],[25765,449],[27280,444],[93504,56],[81076,126],[24274,464],[69967,193],[90116,70],[35518,407],[55774,286],[87831,83],[23112,478],[39248,390],[42718,369],[8316,568],[30995,436],[84974,105],[48661,335],[23457,482],[9464,565],[35545,413],[92248,61],[46578,348],[89993,72],[31758,437],[14258,540],[67124,225],[49655,329],[28947,451],[78785,146],[46492,353],[53441,305],[97001,28],[6277,599],[81853,125],[70892,198],[38257,414],[34009,435],[7126,599],[85683,101],[83819,117],[79861,145],[79112,151],[4503,617],[82265,126],[10966,578],[39466,408],[99421,6],[56673,295],[5993,616],[67668,229],[19231,535],[34604,441],[21962,518],[28178,474],[13287,575],[69715,211],[69168,218],[98530,16],[17059,555],[95346,45],[80047,146],[88242,87],[23938,510],[68611,228],[44787,387],[97150,30],[13211,587],[67270,243],[3762,647],[4663,642],[11825,596],[86016,105],[63310,266],[33887,458],[76222,178],[56431,311],[83893,122],[44733,395],[89366,80],[84536,120],[64319,268],[53463,332],[58427,301],[77224,176],[53351,337],[249,682],[60877,286],[3255,667],[74198,192],[71403,212],[29189,495],[19605,564],[15835,587],[63603,274],[6111,657],[47628,385],[73015,201],[13030,612],[37278,457],[59139,302],[44844,408],[12722,616],[65864,262],[4877,672],[36627,465],[57872,317],[33137,487],[82724,130],[90202,76],[16836,595],[70566,224],[62048,287],[15780,603],[83794,128],[74978,193],[93017,65],[99894,1],[11085,642],[15384,610],[93222,65],[64542,279],[91915,71],[46763,405],[82768,136],[27698,532],[82855,136],[91697,75],[11260,651],[10507,655],[31101,515],[51333,375],[28221,528],[81924,147],[14757,626],[12492,646],[59764,314],[33867,500],[66527,273],[60837,308],[17217,614],[71991,218],[7069,696],[90595,80],[57291,338],[21664,589],[82414,144],[22393,583],[93244,65],[81144,159],[86880,109],[17517,623],[91499,78],[70456,242],[48191,413],[61430,310],[36810,497],[91102,80],[77984,190],[3474,736],[67856,266],[49907,401],[40176,474],[17246,634],[47437,425],[57089,350],[45981,436],[94015,59],[23789,588],[55818,363],[19228,628],[81682,156],[31994,537],[52610,384],[95133,48],[58505,341],[59673,333],[85107,127],[38522,498],[45126,453],[71433,237],[12947,687],[82531,149],[75783,209],[37709,511],[43486,468],[68781,265],[62462,315],[35331,531],[23688,608],[31873,553],[49777,417],[10749,715],[90921,85],[4684,762],[59493,342],[37913,515],[66003,296],[58737,351],[73211,227],[67572,282],[69736,256],[34424,545],[28669,582],[11688,718],[69504,262],[95907,44],[65039,309],[11626,723],[18062,671],[6968,763],[25607,607],[7305,759],[14664,695],[5642,776],[17255,676],[31341,573],[15011,693],[38585,515],[72553,234],[52736,404],[60372,342],[44918,475],[22241,645],[79918,181],[52951,406],[54479,394],[26403,612],[514,820],[12527,729],[51170,423],[81946,159],[65867,305],[39359,520],[12261,735],[69051,272],[24121,635],[55135,392],[16700,701],[92176,74],[29324,596],[97709,26],[14509,722],[58,839],[85592,127],[51546,427],[12194,748],[12042,753],[81733,165],[36721,554],[52791,416],[37104,551],[31243,596],[22543,663],[78907,194],[34579,570],[23253,660],[3855,829],[21608,678],[38527,537],[40547,517],[56386,391],[88273,105],[99413,8],[46637,476],[42253,514],[82323,161],[16970,723],[16775,725],[148,864],[65950,314],[695,860],[41286,521],[5340,830],[85868,127],[36738,568],[51346,439],[59333,366],[93363,69],[56866,391],[92337,76],[7711,816],[57840,388],[2477,860],[10310,800],[90761,92],[2832,860],[22434,686],[53657,419],[743,877],[41689,529],[86433,125],[17387,732],[77603,215],[27187,650],[80398,188],[92412,76],[42275,529],[77526,218],[81881,173],[4817,858],[12283,788],[9043,823],[48759,476],[96163,42],[39846,552],[13403,781],[62820,348],[15181,763],[99423,7],[7022,851],[81117,187],[99988,0],[51139,461],[80314,195],[53200,438],[77158,228],[86966,124],[82490,168],[99031,17],[60004,379],[36941,597],[56248,421],[73094,259],[56669,416],[39859,567],[53398,445],[25139,687],[11146,829],[20257,739],[80434,197],[13210,808],[54679,435],[54041,441],[54201,440],[23832,706],[46800,512],[74002,252],[62439,361],[75980,241],[88649,110],[12041,834],[29524,664],[14883,797],[59517,391],[44248,545],[36254,619],[51505,475],[80731,196],[74680,251],[80165,202],[84022,156],[38275,606],[22681,736],[1600,933],[9147,872],[81705,184],[62638,367],[26966,700],[64784,355],[95,955],[55507,442],[10331,869],[16748,798],[73391,266],[84480,154],[17026,797],[40089,589],[7451,898],[18403,785],[1797,946],[7101,905],[39024,602],[36842,629],[2276,947],[63720,363],[70353,297],[84246,157],[16590,810],[27182,708],[47911,524],[8743,896],[19166,785],[25733,718],[28700,693],[11989,869],[70968,291],[3582,952],[58761,413],[24206,737],[42878,573],[47089,533],[71538,284],[40466,593],[85398,143],[1445,973],[15577,831],[54250,462],[62879,374],[22840,761],[79880,215],[30573,694],[50335,507],[82561,172]]
[[621302,284],[513542,588],[559626,368],[386120,1020],[302005,581],[284676,151],[319550,1283],[716808,73],[161631,647],[205935,993],[210951,513],[535260,341],[215989,434],[742603,219],[486565,769],[160152,484],[354359,100],[844936,50],[859066,28],[931617,106],[690977,205],[62215,34],[771664,344],[440718,432],[229859,851],[994641,7],[204941,895],[805445,25],[649380,457],[911451,141],[458427,977],[570043,175],[648848,381],[319556,1293],[107539,1367],[905133,89],[583321,568],[661411,503],[580937,211],[271104,807],[788406,17],[216561,639],[503299,274],[999971,0],[652533,530],[406723,1025],[51170,803],[895573,65],[440098,329],[153242,324],[603428,781],[263918,346],[738923,263],[511659,924],[342612,31],[288767,242],[503743,506],[799529,294],[789973,125],[627493,534],[706829,73],[114687,484],[996671,2],[15943,596],[837722,273],[784658,259],[646160,666],[217799,1209],[181553,1552],[928711,131],[48414,1360],[90208,1593],[551748,898],[587590,600],[6628,1199],[367196,961],[586928,238],[303639,157],[66884,507],[442984,941],[366416,350],[980919,27],[1975,991],[537480,820],[67922,1627],[998914,2],[183525,1600],[582683,548],[233661,1060],[458317,331],[515946,759],[355815,198],[165145,840],[131785,1629],[552332,369],[362585,162],[84282,948],[947014,18],[387993,119],[975472,21],[417546,234],[122335,1505],[441191,934],[382026,1188],[393831,266],[636659,667],[600110,98],[979425,23],[838447,143],[444430,437],[990842,2],[21737,577],[485418,733],[94673,664],[322346,1318],[801171,204],[932328,44],[780223,149],[16688,704],[724449,459],[757657,391],[281850,987],[194970,1003],[774968,307],[945030,54],[992781,2],[129266,486],[26295,1558],[660208,338],[957125,42],[696100,581],[857396,113],[899657,136],[145610,77],[374609,305],[424103,801],[719011,270],[12716,899],[745166,398],[810760,31],[780901,48],[2633,1390],[600249,234],[989008,20],[626785,187],[343209,600],[148194,163],[239138,740],[273117,1059],[635805,179],[968575,39],[630323,371],[306494,133],[266202,718],[393901,18],[188357,1286],[112745,897],[906895,117],[126023,1120],[529952,76],[561612,258],[113137,1375],[831112,22],[208710,1296],[371927,892],[664958,80],[362827,361],[189737,857],[655439,193],[114856,693],[678794,259],[918798,5],[967433,13],[362559,218],[376662,893],[604368,343],[78680,37],[531159,325],[653858,310],[569567,136],[433995,1044],[623686,298],[514873,652],[606845,260],[7600,617],[674607,5],[823226,65],[535425,344],[244486,1401],[984930,8],[616893,724],[645768,504],[856088,24],[566323,516],[934151,57],[641741,464],[397270,354],[251469,741],[380934,1132],[2019,1280],[577923,532],[622105,67],[303323,838],[641789,148],[929722,76],[708575,466],[344341,255],[143737,1652],[634546,494],[125001,1411],[566359,31],[424080,686],[410017,873],[567130,833],[130028,1591],[824257,60],[311995,225],[162764,519],[961045,36],[79408,1804],[942790,73],[107028,516],[531233,686],[365477,682],[705925,561],[493125,713],[871208,77],[62712,1246],[35703,1408],[251189,1410],[558417,287],[93094,1522],[664373,206],[373460,1269],[709729,201],[862555,169],[45173,1364],[721443,248],[974575,23],[254855,1304],[583302,164],[657840,55],[389464,957],[250620,752],[662300,214],[523868,635],[389779,475],[655417,402],[798465,75],[271338,24],[78659,200],[639168,685],[264731,1181],[846067,151],[796843,227],[51695,423],[148413,1172],[238372,477],[222444,955],[82936,1838],[994600,8],[248375,148],[535022,921],[751324,395],[477540,152],[894496,174],[88879,889],[825117,28],[971536,33],[151594,307],[842887,213],[633667,188],[564305,589],[872217,104],[503869,558],[442384,688],[350268,652],[614103,34],[842250,256],[785441,261],[10603,246],[404029,502],[291214,232],[82044,721],[290297,1406],[346124,762],[804185,7],[33349,566],[653101,625],[969728,39],[458102,1035],[198061,886],[850266,82],[936278,86],[551501,128],[434864,516],[22519,1187],[90626,731],[718328,495],[842639,202],[634952,458],[535633,609],[412982,271],[168002,157],[63014,1225],[256743,1374],[909851,2],[906846,6],[346123,101],[642742,612],[3269,262],[196661,51],[98098,194],[539667,781],[865238,139],[468613,168],[724598,315],[579069,387],[862585,57],[592823,789],[483574,851],[753034,333],[536947,530],[468902,373],[864005,101],[19903,746],[468259,64],[226526,400],[955790,18],[361940,200],[85215,1053],[46009,1087],[411183,1178],[847814,10],[993892,14],[379689,318],[219623,366],[801121,306],[216241,158],[133694,1163],[314849,506],[18738,337],[280123,1265],[525595,277],[9033,1424],[439294,814],[357216,369],[740254,466],[866649,184],[778672,252],[468969,897],[678798,342],[983467,30],[163681,1449],[298977,945],[443099,1004],[488064,972],[716338,197],[343645,1334],[291753,64],[495657,458],[825597,206],[919933,141],[429289,699],[945175,19],[207019,1057],[859054,81],[851723,190],[313291,1255],[24664,1080],[921876,40],[598620,56],[783489,3],[288012,25],[483003,600],[222837,1525],[36139,1416],[729968,465],[140690,44],[222532,47],[852502,69],[198758,1578],[587589,639],[900820,96],[664126,157],[879859,45],[88823,191],[10393,773],[65956,708],[315769,1358],[120164,963],[238479,45],[440192,98],[310468,1157],[596674,287],[151611,1408],[936187,69],[248155,1363],[342340,988],[742362,218],[201168,517],[835133,96],[514923,131],[953998,28],[606064,17],[693822,320],[699662,335],[779611,225],[521085,833],[338360,1049],[215608,822],[980616,13],[87575,141],[291597,1074],[601095,69],[785941,136],[201880,901],[599959,54],[658979,681],[254818,557],[905745,58],[772475,224],[70211,285],[615395,160],[100198,139],[350289,888],[286762,1403],[57349,1554],[949197,91],[612345,310],[86526,424],[809431,130],[929734,27],[478664,363],[300865,780],[774975,421],[749055,359],[735181,172],[641194,726],[279812,1187],[758443,404],[421189,675],[789690,306],[90165,1551],[479630,218],[43646,1346],[571131,517],[123973,1513],[484368,952],[687032,334],[672891,551],[145295,705],[756463,293],[11106,534],[703543,575],[111493,847],[311390,856],[921635,44],[993623,14],[259261,325],[62840,1853],[42113,157],[115222,1035],[999718,0],[95405,150],[794318,30],[861051,126],[687833,379],[94694,984],[620777,212],[863525,89],[227080,914],[921606,145],[511566,945],[831567,131],[247686,1164],[234823,1048],[769772,331],[123484,176],[400794,529],[742593,468],[53490,344],[71541,1796],[799159,343],[140188,686],[483147,443],[254343,704],[528843,293],[895729,80],[83568,1468],[920984,56],[436233,400],[576108,498],[389966,752],[8183,25],[102721,882],[731756,377],[309539,626],[23901,418],[241081,755],[226679,750],[87438,1243],[726326,173],[37301,45],[543676,329],[599107,11],[775,588],[490508,864],[388323,782],[508724,260],[954282,34],[202209,765],[30319,8],[500925,337],[411314,946],[171606,631],[522285,424],[28510,250],[151413,1684],[424533,732],[141250,1443],[419257,237],[3250,827],[424060,1110],[352721,1179],[841409,110],[227731,1446],[838155,27],[795787,196],[23872,82],[797406,94],[101253,790],[423224,532],[759021,222],[308051,1261],[8431,765],[428166,82],[169345,1210],[636075,109],[378485,1261],[36686,1633],[798817,15],[276468,1082],[822113,108],[107671,135],[65613,658],[515542,204],[604023,529],[616817,565],[640458,668],[160354,735],[851916,197],[506814,591],[365275,51],[475372,657],[192348,347],[505792,0],[651565,597],[791890,186],[743548,161],[958348,17],[276645,1336],[324025,531],[177183,1573],[592834,250],[183567,402],[296431,140],[451261,204],[325851,406],[988119,17],[531143,801],[8937,1895],[501468,89],[921824,54],[802805,183],[627801,244],[700105,80],[662782,659],[379333,5],[193589,700],[671267,283],[697589,523],[56398,161],[441984,279],[681458,274],[216618,835],[12328,532],[492322,485],[939299,100],[103976,1023],[39415,134],[578616,653],[152931,1527],[445006,163],[291151,828],[561891,259],[893649,33],[290300,686],[546239,674],[512673,55],[953240,47],[386074,209],[34039,180],[186431,692],[368505,649],[180579,1606],[763534,130],[18827,1081],[914131,74],[207960,898],[721376,345],[369006,665],[656263,259],[107897,359],[786477,48],[289924,168],[856428,135],[131246,467],[923875,109],[62240,1727],[635524,719],[598067,521],[369163,906],[289597,518],[4593,1510],[615762,562],[472391,429],[415272,206],[681603,339],[15713,1926],[546482,857],[359463,151],[549885,747],[713450,186],[138953,1328],[878115,8],[783346,346],[761301,87],[450545,922],[215146,85],[620106,741],[972308,12],[976386,41],[506136,485],[196773,1015],[940757,64],[220196,173],[470551,522],[907256,75],[661499,419],[167637,1131],[816504,27],[414992,291],[464114,19],[79085,698],[715748,146],[707958,323],[365633,275],[872895,108],[539711,656],[637008,583],[93151,917],[467417,210],[495235,191],[553670,6],[945926,89],[526673,305],[154622,916],[37769,1261],[788405,82],[947702,22],[60324,832],[600698,360],[644059,388],[275152,1039],[528450,958],[506481,974],[919737,125],[926306,28],[158294,1293],[338171,1025],[215694,1058],[813486,303],[227696,950],[406342,1128],[519207,195],[449382,188],[192766,591],[138084,183],[517749,593],[887898,123],[650328,391],[655654,363],[798059,123],[28433,536],[305188,1293],[603101,0],[38156,836],[729565,454],[548478,339],[206817,995],[43999,1338],[66480,1839],[8151,1571],[535165,705],[413443,88],[621909,250],[971423,25],[204431,736],[776387,130],[473604,970],[117710,922],[308270,1136],[683509,92],[656495,227],[370603,822],[796690,226],[294649,497],[183401,599],[885819,19],[842482,140],[877040,94],[419462,326],[176947,936],[184218,1474],[642715,338],[757432,203],[745766,370],[427960,395],[82992,611],[686013,533],[447838,27],[398056,791],[505334,969],[622320,646],[797728,298],[818405,76],[257871,141],[547751,110],[369008,1012],[712568,11],[503220,848],[935379,105],[1699,71],[226506,695],[474917,397],[156521,361],[653318,382],[905993,39],[552895,865],[734887,236],[243482,1223],[114481,478],[936904,16],[951388,30],[327656,594],[81876,505],[428130,745],[405245,986],[778615,22],[172743,515],[119695,237],[465674,1098],[493569,786],[726764,225],[599119,21],[574698,406],[474963,165],[958012,20],[660241,389],[34430,1366],[791370,264],[776516,220],[364470,28],[491177,623],[317391,1088],[13200,542],[689233,198],[234353,992],[159018,1240],[90125,1633],[884543,138],[369605,242],[881733,138],[909426,104],[157509,1003],[872391,166],[868960,100],[469918,226],[333813,1310],[691064,492],[133953,705],[947614,23],[607986,378],[562034,478],[744441,417],[92186,629],[135160,490],[634858,476],[853916,35],[520632,745],[60228,1405],[662129,498],[600836,557],[642357,64],[84848,223],[14851,644],[507957,310],[391422,100],[112538,1436],[593014,333],[249759,1103],[643606,55],[809671,343],[986426,24],[86210,551],[276896,542],[158578,960],[124586,427],[339101,1258],[348860,760],[871014,42],[329579,1197],[315032,56],[684200,61],[704629,275],[894136,179],[464210,837],[941074,58],[562026,132],[786152,122],[404504,250],[512231,707],[299299,164],[622892,355],[775712,414],[83627,1025],[286959,752],[430751,359],[406484,917],[496818,475],[177089,948],[482207,81],[746158,458],[516586,749],[656951,198],[549914,693],[438818,827],[442681,381],[340614,68],[352724,523],[643994,314],[637675,249],[798408,123],[190345,1212],[527804,717],[205829,1067],[612235,375],[800686,297],[158899,1630],[64930,1235],[49652,1440],[818882,155],[946920,71],[917043,62],[600117,640],[87562,254],[996138,2],[216162,1451],[192291,1207],[197420,1125],[422754,762],[178307,140],[426440,796],[102729,959],[92659,878],[770996,147],[401408,229],[391236,1127],[549564,725],[378050,59],[444486,11],[449228,707],[976926,17],[789363,286],[115886,343],[357177,604],[631519,99],[487576,936],[774860,295],[363623,587],[126672,379],[708070,193],[729763,103],[73880,747],[913773,152],[32039,1579],[285505,1261],[2289,1448],[205010,1266],[464096,185],[594822,263],[793247,273],[615801,600],[353471,723],[858350,261],[446636,125],[739373,206],[873866,142],[948887,10],[267417,64],[803031,231],[674145,14],[856916,260],[665708,304],[886868,167],[847940,18],[846938,255],[356643,514],[690943,135],[560296,752],[768654,385],[143830,1089],[648402,178],[797484,200],[958106,27],[750294,21],[773577,132],[384196,828],[416511,915],[142900,1086],[485231,710],[884063,52],[974848,1],[858284,243],[585300,530],[216849,1004],[961213,10],[63869,650],[944474,6],[129354,478],[193222,1396],[966907,42],[291727,1087],[744652,405],[679172,373],[759487,137],[422505,1008],[571771,655],[92022,485],[193200,166],[852675,155],[905948,99],[19143,847],[567143,440],[634657,505],[101018,597],[832525,303],[121754,135],[472300,636],[695725,556],[186629,321],[825456,243],[751710,202],[910252,72],[386202,1135],[552004,239],[417583,1029],[861679,237],[179073,946],[647918,442],[162887,1550],[432258,469],[435657,621],[226798,649],[524120,657],[476580,575],[697960,311],[832174,301],[753907,175],[657353,356],[164394,476],[475743,440],[863617,178],[132833,1582],[875546,48],[760992,427],[745793,332],[613537,459],[122799,1525],[387034,520],[915747,160],[299540,209],[706717,191],[806800,200],[804245,189],[943547,19],[621752,37],[680662,284],[834394,305],[532931,229],[595123,380],[747144,307],[182504,935],[952693,3],[667583,167],[526766,412],[41731,678],[700935,96],[726462,409],[448608,228],[987331,6],[95364,1771],[238467,183],[52779,1841],[846272,88],[700632,457],[583270,350],[447493,675],[821989,232],[556030,790],[319260,1050],[590183,501],[539220,310],[641291,592],[256103,521],[735695,435],[762799,269],[145997,500],[259460,589],[660567,237],[176329,974],[343645,993],[313525,357],[650294,507],[900715,36],[510161,160],[664831,502],[835232,75],[867156,218],[803078,109],[693733,584],[552767,739],[770366,182],[949858,17],[419880,844],[513072,257],[245476,483],[447354,194],[706072,447],[657263,438],[132720,912],[18538,798],[10504,1334],[765076,327],[965194,41],[230540,571],[40218,1467],[633731,552],[33620,1823],[856185,244],[716239,128],[834052,256],[292846,409],[925873,51],[920158,81],[122762,276],[446125,481],[30686,1373],[354490,672],[691499,112],[786423,92],[215141,1036],[404275,1195],[388346,897],[619650,684],[321564,1076],[1382,707],[938593,83],[503009,649],[236522,753],[861829,87],[466837,810],[889635,39],[85266,812],[493982,834],[81420,25],[162931,1156],[863202,113],[809798,116],[714956,3],[695498,338],[442333,753],[960596,5],[813846,18],[547055,504],[639684,70],[148252,431],[393168,1194],[407224,774],[207221,477],[156797,438],[299795,164],[836909,202],[960895,49],[334035,930],[122611,1107],[223471,476],[707787,363],[959054,35],[688204,259],[940640,91],[522549,544],[469574,109],[7366,1901],[680551,553],[678092,305],[748009,330],[630793,536],[934255,45],[210434,420],[855387,216],[987810,19],[529711,110],[73444,1696],[804687,233],[979270,1],[535766,88],[383516,803],[708000,112],[900073,136],[82672,501],[533624,224],[206452,1306],[40220,671],[193785,198],[127197,221],[575961,768],[549301,531],[224052,508],[312356,1194],[452196,584],[241755,122],[833507,176],[267205,1127],[503878,631],[820318,179],[108834,16],[185749,746],[409115,276],[635317,689],[922734,100],[772041,150],[459821,933],[338030,701],[931005,125],[989936,7],[253138,562],[837067,110],[932705,94],[811281,140],[187066,60],[102641,663],[408396,111],[216471,1505],[542918,746],[969352,8],[815429,21],[341489,980],[936294,77],[717064,260],[706729,208],[804235,193],[644061,552],[380751,1212],[370603,938],[11354,1669],[595507,110],[458569,764],[397315,306],[927488,128],[539086,537],[150228,134],[510950,75],[170253,1522],[777533,189],[325008,149],[776788,118],[767345,15],[921277,46],[460807,984],[112487,760],[460151,997],[512487,133],[941945,28],[773240,199],[801190,205],[791417,394],[38374,1399],[529385,110],[130099,402],[803064,231],[275432,891],[610943,473],[684178,592],[325006,80],[477522,413],[324223,844],[394118,983],[921373,147],[569838,689],[882346,14],[104399,1764],[563911,89],[828096,318],[531700,10],[755974,198],[255922,77],[40456,696],[275441,612],[829819,201],[682578,323],[5179,1725],[521324,748],[745651,202],[658651,511],[276134,1319],[708687,47],[625980,275],[31114,1887],[23347,509],[998121,2],[411131,307],[104973,1163],[204299,652],[725478,402],[798638,45],[847180,254],[772969,293],[472707,501],[93630,828],[136127,1007],[115137,841],[494450,167],[884008,115],[576646,524],[901771,133],[400509,587],[54357,959],[509492,993],[26734,297],[355995,660],[56582,313],[576238,689],[256067,1037],[234120,358],[560816,122],[91223,1336],[162903,413],[686942,361],[760644,256],[500950,654],[850641,200],[417331,241],[218523,672],[880974,54],[780284,191],[517413,784],[138725,1033],[545439,190],[744666,300],[2490,1886],[683889,447],[347175,128],[256771,930],[677874,115],[8962,1735],[752207,440],[661014,662],[36941,976],[689952,222],[362566,1268],[60766,133],[29980,618],[677510,259],[676990,217],[370243,53],[745546,44],[711848,135],[898330,23],[481815,132],[987192,16],[344245,1273],[403063,1092],[399252,517],[909563,134],[133388,1548],[17741,1364],[169909,1185],[811455,126],[218604,959],[324235,102],[78190,1187],[37163,1567],[194580,1239],[536907,56],[22900,1356],[307035,1136],[57382,284],[829907,181],[206528,2],[953801,21],[550179,120],[154766,1108],[449930,457],[431714,1096],[904488,95],[263492,1221],[719827,158],[927044,22],[235465,965],[485812,667],[831538,220],[545009,58],[868392,172],[176918,1087],[633440,551],[670197,655],[281791,712],[206625,394],[185994,426],[714594,355],[667050,80],[829725,68],[398379,774],[30714,880],[162351,1266],[51737,1639],[267083,555],[633216,546],[450710,726],[685816,158],[353561,9],[989410,12],[137173,868],[438106,132],[286242,225],[773221,5],[253593,1274],[830854,29],[21780,1522],[799496,263],[410830,963],[461143,584],[187243,463],[360833,1009],[384946,734],[684101,515],[426382,1146],[861229,69],[107793,811],[995001,0],[647642,171],[890568,175],[815252,36],[847256,10],[259926,1332],[64393,1736],[213615,1394],[727872,413],[665396,89],[344846,127],[720336,116],[376568,1152],[475921,224],[721022,219],[844322,110],[712802,79],[315644,1227],[132047,1373],[946147,47],[622026,571],[924853,11],[868909,1],[773013,342],[895900,41],[920181,87],[556574,383],[133529,887],[670951,555],[865307,85],[553625,414],[819771,311],[81081,27],[966476,0],[426405,613],[711935,44],[579474,64],[124287,614],[954424,33],[871995,78],[77911,1770],[15362,1475],[716041,95],[162510,1238],[505645,590],[903163,128],[528507,690],[68916,1445],[89749,284],[641746,86],[814720,221],[608153,542],[362938,1223],[664033,556],[685722,132],[686401,201],[89834,1211],[999919,1],[574088,163],[803044,344],[938269,83],[809114,14],[329821,902],[566136,587],[535660,18],[877000,122],[65825,1766],[885154,194],[689677,519],[877465,177],[693530,333],[620272,147],[662194,547],[593579,501],[581458,138],[930745,123],[2798,1898],[314116,622],[652771,527],[521719,45],[994842,9],[158496,1023],[934994,101],[622854,520],[961507,64],[473539,711],[528730,483],[640270,141],[278178,1243],[118659,964],[588920,326],[519069,480],[727184,333],[168995,945],[967940,2],[556927,867],[162867,798],[276728,1205],[316972,69],[536300,209],[369814,869],[693231,464],[680830,250],[382580,619],[5586,277],[493199,652],[29738,1322],[292671,459],[996084,3],[68557,904],[497181,546],[321203,206],[147088,1042],[344939,3],[262372,1313],[547096,34],[710769,145],[911192,27],[602845,228],[608551,255],[570706,759],[360662,220],[712997,19],[423252,345],[237395,1035],[499850,130],[121295,403],[664764,296],[184507,757],[465941,536],[47182,452],[511406,861],[439174,938],[20645,1878],[476348,27],[448303,116],[541431,803],[288529,1202],[663855,272],[989773,15],[681074,567],[562612,869],[106386,189],[558472,718],[178778,1011],[167141,726],[418014,536],[215415,282],[875412,44],[347096,766],[119900,1481],[459938,400],[86364,452],[491722,271],[686697,113],[816220,77],[921831,75],[62161,1448],[327945,54],[664862,576],[288788,1220],[450217,544],[432316,606],[834673,215],[605949,367],[924480,104],[789283,395],[235552,410],[263212,14],[523633,140],[134602,1668],[174622,912],[582209,418],[480433,847],[777302,317],[864165,161],[859225,111],[199947,1149],[748439,413],[262959,45],[140219,116],[131107,1473],[709855,30],[770383,166],[623206,508],[440139,118],[579701,816],[823406,305],[857014,60],[90465,133],[496347,157],[756199,377],[196435,880],[847381,133],[467630,233],[89122,401],[323891,484],[939670,79],[965010,36],[785060,88],[639700,48],[403443,1152],[536968,265],[129796,844],[685518,208],[813456,343],[539341,913],[377589,307],[239431,1427],[923695,67],[123835,233],[224456,1444],[463506,821],[780629,51],[471026,341],[400448,411],[892555,170],[119357,1183],[367176,137],[850425,113],[788842,271],[964514,18],[472803,645],[563147,173],[115108,248],[4521,783],[608096,787],[402945,414],[473553,457],[431470,197],[563336,572],[219605,1526],[833120,32],[841469,166],[743562,38],[239918,588],[888344,91],[728579,353],[426222,382],[69382,1440],[562258,506],[649859,229],[640005,723],[236564,1219],[297359,66],[792942,30],[233643,1247],[158743,1164],[782441,379],[756241,24],[398247,82],[800073,176],[760945,382],[93335,888],[815825,121],[539262,392],[160553,92],[284876,786],[742026,349],[972722,1],[521343,836],[42067,208],[89077,636],[785921,234],[220555,150],[133932,112],[504140,920],[585375,525],[787347,144],[384030,94],[141816,1340],[397784,1191],[331578,877],[123611,241],[290001,691],[685031,194],[423085,851],[764225,258],[592640,757],[729734,278],[18732,1223],[728327,508],[92979,552],[191569,127],[230661,519],[432944,850],[776204,10],[638929,301],[714617,106],[489357,563],[37751,1256],[548529,556],[730250,366],[293110,1143],[256387,39],[839183,290],[466854,652],[449351,621],[863963,123],[244210,65],[430199,1160],[267711,518],[934836,97],[609364,337],[725765,82],[956018,41],[487302,709],[769887,46],[598912,210],[486655,668],[928511,131],[110832,1270],[720848,37],[828502,212],[553469,246],[879127,156],[756699,447],[229140,778],[508633,449],[839803,241],[480635,337],[64985,143],[401419,1056],[508047,968],[981134,9],[434054,43],[34726,806],[94094,1602],[183542,1335],[566537,676],[157564,140],[927362,53],[212006,602],[129298,1354],[239891,280],[147773,927],[232152,1221],[735503,339],[288233,1049],[875202,109],[897600,18],[945245,76],[490495,712],[364485,388],[724182,297],[959659,40],[111822,1651],[693789,570],[583483,536],[519535,505],[425731,1025],[413287,754],[164464,1553],[291600,1301],[613813,267],[496237,708],[452855,1006],[834826,198],[550076,760],[166810,747],[920172,62],[162295,1350],[488543,437],[245,528],[920044,160],[914228,108],[602548,277],[105914,683],[529588,667],[228570,471],[109769,539],[374784,383],[458416,790],[998793,2],[767585,377],[592798,747],[597887,2],[489586,796],[657968,149],[601960,71],[780322,134],[660728,116],[411985,1027],[583201,202],[838232,208],[391565,900],[498299,771],[218508,113],[699559,328],[107588,364],[983602,3],[304165,55],[226785,545],[151161,964],[702268,13],[49758,1747],[216169,786],[520583,92],[303245,1311],[805815,228],[166118,894],[643221,505],[976107,39],[448141,739],[145947,466],[996990,1],[209282,1022],[170249,110],[725303,162],[833706,68],[804439,160],[287445,564],[132592,359],[53830,923],[594062,365],[274855,307],[212776,586],[926456,75],[618805,505],[886100,84],[473568,304],[239197,995],[714091,501],[86161,1458],[613347,780],[755825,138],[115073,937],[703513,176],[659212,355],[649550,8],[784582,322],[967276,59],[28307,424],[300555,938],[602019,431],[582482,479],[967085,5],[995604,8],[163853,593],[918586,159],[127311,1593],[683718,627],[799837,124],[758497,271],[458678,307],[617041,24],[864778,185],[888246,197],[220744,1319],[539867,663],[967749,18],[639168,363],[599364,187],[482094,84],[936501,19],[763266,229],[216967,77],[28963,1382],[685966,366],[573517,213],[522552,579],[603972,21],[178818,307],[550915,837],[682402,171],[651017,99],[154633,125],[52591,435],[314889,1166],[132299,1149],[594594,408],[222828,548],[364634,328],[427902,1005],[894674,143],[473804,502],[682634,434],[992472,12],[974270,17],[834142,281],[283425,1007],[846925,268],[953378,54],[590936,73],[373315,1222],[452723,730],[71855,1502],[718573,177],[741995,118],[575000,425],[628636,133],[870480,12],[3778,1570],[944925,5],[325724,631],[787435,332],[476334,901],[740340,385],[215979,826],[873943,158],[496601,173],[421365,987],[5302,1204],[963080,54],[633184,377],[135905,12],[332907,1313],[155932,1260],[304963,469],[410150,549],[105864,35],[763925,459],[706749,280],[659063,45],[545229,493],[21879,450],[322091,964],[715106,369],[993402,3],[447203,280],[683602,4],[807737,247],[654358,469],[924014,28],[388193,419],[410777,234],[617520,145],[300980,144],[677745,462],[760074,143],[33847,666],[437856,1073],[28090,24],[457990,448],[175601,90],[425535,962],[311963,1201],[988690,19],[640722,675],[401112,1220],[802797,71],[943295,47],[870249,108],[134856,640],[50554,57],[615654,169],[313131,714],[294499,367],[953916,56],[850042,166],[70832,1607],[681541,631],[850343,35],[810305,346],[22782,1035],[214711,221],[196293,652],[555886,347],[532328,84],[507418,859],[516511,3],[495697,708],[935738,30],[704317,117],[432074,554],[865975,181],[956339,33],[127283,1088],[980421,34],[482079,53],[456195,52],[118987,749],[770034,14],[11784,1724],[974495,23],[846384,284],[911131,49],[382078,1221],[799974,64],[528067,113],[9008,1953],[817158,305],[274300,1409],[38825,293],[217178,250],[823720,16],[964725,39],[525333,555],[513659,252],[722760,401],[694531,140],[755716,61],[392355,1118],[741564,55],[329533,1170],[83864,484],[752733,473],[496204,317],[793458,206],[752414,319],[263216,149],[703668,447],[843151,235],[948202,34],[665327,621],[753034,93],[242470,109],[501035,942],[47346,719],[493747,421],[475690,383],[437092,893],[669208,350],[861366,75],[440823,5],[770881,188],[173608,15],[715583,217],[532919,204],[328862,493],[106055,658],[37406,34],[256051,883],[551306,611],[146009,1307],[262968,664],[288133,1221],[889959,30],[974059,9],[229812,412],[910527,25],[323027,788],[212487,401],[406098,488],[199188,390],[158422,768],[171947,238],[371042,429],[537549,864]]
[[505792,0],[603101,0],[206528,2],[966476,0],[344939,3],[597887,2],[516511,3],[379333,5],[30319,8],[440823,5],[868909,1],[995001,0],[353561,9],[135905,12],[714956,3],[553670,6],[683602,4],[108834,16],[173608,15],[263212,14],[674607,5],[444486,11],[783489,3],[531700,10],[28090,24],[8183,25],[909851,2],[649550,8],[81420,25],[773221,5],[81081,27],[393901,18],[599107,11],[972722,1],[271338,24],[952693,3],[288012,25],[37406,34],[62215,34],[464114,19],[967940,2],[804185,7],[78680,37],[105864,35],[535660,18],[712568,11],[364470,28],[342612,31],[37301,45],[674145,14],[906846,6],[606064,17],[447838,27],[256387,39],[702268,13],[476348,27],[140690,44],[776204,10],[599119,21],[918798,5],[238479,45],[603972,21],[50554,57],[222532,47],[262959,45],[878115,8],[196661,51],[770034,14],[767345,15],[847256,10],[617041,24],[1699,71],[566359,31],[847814,10],[434054,43],[547096,34],[187066,60],[712997,19],[944925,5],[944474,6],[327945,54],[304165,55],[798817,15],[315032,56],[23872,82],[365275,51],[750294,21],[244210,65],[809114,14],[370243,53],[267417,64],[788406,17],[974848,1],[145610,77],[291753,64],[521719,45],[614103,34],[297359,66],[216967,77],[756241,24],[456195,52],[378050,59],[255922,77],[870480,12],[709855,30],[316972,69],[215146,85],[340614,68],[175601,90],[160553,92],[823720,16],[482079,53],[621752,37],[778615,22],[960596,5],[512673,55],[813846,18],[979270,1],[967085,5],[882346,14],[325006,80],[815429,21],[468259,64],[536907,56],[847940,18],[805445,25],[133932,112],[545009,58],[659063,45],[170249,110],[720848,37],[598620,56],[140219,116],[599959,54],[639700,48],[924853,11],[743562,38],[398247,82],[428166,82],[242470,109],[831112,22],[39415,134],[60766,133],[218508,113],[711935,44],[579474,64],[154633,125],[90465,133],[510950,75],[792942,30],[413443,88],[107671,135],[324235,102],[121754,135],[64985,143],[100198,139],[87575,141],[708687,47],[794318,30],[643606,55],[191569,127],[150228,134],[384030,94],[346123,101],[241755,122],[42113,157],[354359,100],[482207,81],[95405,150],[529952,76],[999718,0],[56398,161],[157564,140],[482094,84],[657840,55],[948887,10],[391422,100],[178307,140],[990842,2],[745546,44],[590936,73],[440192,98],[816504,27],[501468,89],[601095,69],[34039,180],[897600,18],[532328,84],[810760,31],[601960,71],[642357,64],[885819,19],[168002,157],[408396,111],[148194,163],[520583,92],[257871,141],[306494,133],[220555,150],[622105,67],[344846,127],[535766,88],[123484,176],[248375,148],[825117,28],[216241,158],[296431,140],[387993,119],[347175,128],[769887,46],[88823,191],[193200,166],[838155,27],[106386,189],[138084,183],[78659,200],[263216,149],[42067,208],[98098,194],[639684,70],[300980,144],[684200,61],[469574,109],[284676,151],[563911,89],[440139,118],[830854,29],[856088,24],[448303,116],[741564,55],[220196,173],[983602,3],[815252,36],[367176,137],[325008,149],[961213,10],[303639,157],[780901,48],[936904,16],[786477,48],[446636,125],[780629,51],[299299,164],[84848,223],[238467,183],[289924,168],[299795,164],[798638,45],[10603,246],[438106,132],[529385,110],[193785,198],[529711,110],[833120,32],[359463,151],[28510,250],[127197,221],[528067,113],[755716,61],[706829,73],[992781,2],[664958,80],[641746,86],[3269,262],[600110,98],[667050,80],[547751,110],[481815,132],[859066,28],[123835,233],[362585,162],[119695,237],[499850,130],[969352,8],[898330,23],[936501,19],[700105,80],[595507,110],[87562,254],[5586,277],[123611,241],[514923,131],[512487,133],[996990,1],[115108,248],[716808,73],[214711,221],[943547,19],[665396,89],[550179,120],[631519,99],[850343,35],[853916,35],[560816,122],[171947,238],[712802,79],[477540,152],[927044,22],[910527,25],[445006,163],[523633,140],[57382,284],[889959,30],[26734,297],[551501,128],[651017,99],[38825,293],[299540,209],[70211,285],[683509,92],[993402,3],[947014,18],[496347,157],[321203,206],[636075,109],[474963,165],[89749,284],[911192,27],[468613,168],[286242,225],[122762,276],[355815,198],[562026,132],[893649,33],[725765,82],[361940,200],[217178,250],[945175,19],[510161,160],[949858,17],[700935,96],[291214,232],[56582,313],[494450,167],[924014,28],[569567,136],[311995,225],[799974,64],[844936,50],[974059,9],[581458,138],[288767,242],[18738,337],[464096,185],[431470,197],[871014,42],[449382,188],[496601,173],[889635,39],[386074,209],[362559,218],[360662,220],[926306,28],[447354,194],[824257,60],[415272,206],[716041,95],[875412,44],[215415,282],[660728,116],[761301,87],[802797,71],[798465,75],[53490,344],[900715,36],[677874,115],[628636,133],[151594,307],[239891,280],[691499,112],[686697,113],[753034,93],[451261,204],[929734,27],[495235,191],[823226,65],[788405,82],[178818,307],[708000,112],[714617,106],[879859,45],[401408,229],[617520,145],[344341,255],[574088,163],[153242,324],[467417,210],[369605,242],[115886,343],[958348,17],[704317,117],[620272,147],[410777,234],[583302,164],[186629,321],[729763,103],[417546,234],[640270,141],[563147,173],[875546,48],[419257,237],[519207,195],[107897,359],[895900,41],[417331,241],[785060,88],[107588,364],[955790,18],[448608,228],[905993,39],[404504,250],[570043,175],[479630,218],[829725,68],[132592,359],[274855,307],[947702,22],[515542,204],[475921,224],[469918,226],[786423,92],[545439,190],[615395,160],[467630,233],[641789,148],[23901,418],[365633,275],[192348,347],[393831,266],[156521,361],[685722,132],[259261,325],[862585,57],[935738,30],[28307,424],[126672,379],[720336,116],[816220,77],[89122,401],[690943,135],[657968,149],[532919,204],[818405,76],[615654,169],[51695,423],[833706,68],[412982,271],[857014,60],[941945,28],[797406,94],[409115,276],[741995,118],[536300,209],[694531,140],[947614,23],[884063,52],[21879,450],[121295,403],[52591,435],[599364,187],[880974,54],[86526,424],[234120,358],[664126,157],[711848,135],[263918,346],[130099,402],[716239,128],[219623,366],[967433,13],[987331,6],[835232,75],[583201,202],[47182,452],[533624,224],[852502,69],[374609,305],[921876,40],[441984,279],[377589,307],[414992,291],[635805,179],[647642,171],[532931,229],[953801,21],[199188,390],[447203,280],[958012,20],[397315,306],[972308,12],[86364,452],[124586,427],[183567,402],[573517,213],[206625,394],[580937,211],[162903,413],[710769,145],[626785,187],[379689,318],[364634,328],[685816,158],[513659,252],[212487,401],[411131,307],[861229,69],[667583,167],[148252,431],[294499,367],[313525,357],[633667,188],[508724,260],[598912,210],[513072,257],[648402,178],[226526,400],[23347,509],[491722,271],[776788,118],[921635,44],[185994,426],[156797,438],[83864,484],[964514,18],[921277,46],[911131,49],[996138,2],[210434,420],[245,528],[981134,9],[682402,171],[552004,239],[503299,274],[235552,410],[92022,485],[229812,412],[715748,146],[114481,478],[12328,532],[763534,130],[11106,534],[850266,82],[82672,501],[66884,507],[131246,467],[366416,350],[861366,75],[81876,505],[803078,109],[114687,484],[13200,542],[786152,122],[984930,8],[28433,536],[553469,246],[145947,466],[419462,326],[362827,361],[129354,478],[458678,307],[215989,434],[755825,138],[357216,369],[759487,137],[620777,212],[655439,193],[129266,486],[776387,130],[473568,304],[440098,329],[773577,132],[846272,88],[586928,238],[967749,18],[292846,409],[397270,354],[135160,490],[905745,58],[107028,516],[187243,463],[525595,277],[164394,476],[602845,228],[536968,265],[656951,198],[859054,81],[33349,566],[21737,577],[760074,143],[775,588],[160152,484],[423252,345],[561612,258],[600249,234],[561891,259],[719827,158],[703513,176],[145997,500],[951388,30],[325851,406],[458317,331],[364485,388],[86210,551],[835133,96],[780322,134],[789973,125],[15943,596],[374784,383],[592834,250],[932328,44],[207221,477],[109769,539],[798059,123],[528843,293],[92979,552],[507957,310],[430751,359],[496204,317],[725303,162],[798408,123],[685031,194],[664373,206],[7600,617],[228570,471],[895573,65],[822113,108],[743548,161],[223471,476],[770996,147],[785941,136],[809798,116],[471026,341],[526673,305],[162764,519],[662300,214],[172743,515],[238372,477],[480635,337],[594822,263],[871208,77],[689233,198],[29980,618],[772041,150],[686401,201],[558417,287],[292671,459],[426222,382],[706717,191],[799837,124],[953998,28],[245476,483],[627801,244],[608551,255],[500925,337],[201168,517],[14851,644],[210951,513],[649859,229],[656495,227],[718573,177],[442681,381],[621909,250],[606845,260],[685518,208],[82992,611],[400448,411],[427960,395],[101018,597],[224052,508],[388193,419],[371042,429],[871995,78],[708070,193],[304963,469],[539220,310],[402945,414],[676990,217],[726326,173],[690977,205],[478664,363],[713450,186],[468902,373],[436233,400],[230661,519],[531159,325],[637675,249],[613813,267],[735181,172],[934255,45],[596674,287],[948202,34],[602548,277],[780223,149],[33847,666],[865307,85],[63869,650],[294649,497],[92186,629],[861829,87],[660567,237],[89077,636],[323891,484],[256103,521],[920984,56],[40220,671],[709729,201],[65613,658],[921824,54],[475690,383],[1382,707],[787347,144],[124287,614],[267711,518],[41731,678],[543676,329],[706729,208],[222828,548],[226785,545],[16688,704],[815825,121],[459938,400],[925873,51],[753907,175],[163853,593],[289597,518],[689952,222],[535260,341],[811455,126],[328862,493],[770383,166],[625980,275],[535425,344],[40456,696],[314849,506],[474917,397],[863525,89],[809431,130],[716338,197],[989936,7],[192766,591],[106055,658],[94673,664],[183401,599],[958106,27],[621302,284],[102641,663],[440718,432],[548478,339],[656263,259],[837067,110],[212776,586],[276896,542],[917043,62],[134856,640],[254818,557],[79085,698],[841409,110],[230540,571],[844322,110],[996084,3],[47346,719],[920172,62],[19903,746],[65956,708],[253138,562],[389779,475],[444430,437],[980616,13],[267083,555],[927362,53],[212006,602],[105914,683],[996671,2],[8431,765],[588920,326],[680830,250],[171606,631],[943295,47],[477522,413],[555886,347],[811281,140],[770366,182],[10393,773],[356643,514],[324025,531],[886100,84],[895729,80],[82044,721],[4521,783],[161631,647],[715583,217],[612345,310],[623686,298],[239918,588],[287445,564],[352724,523],[114856,693],[593014,333],[472391,429],[910252,72],[677510,259],[864005,101],[678794,259],[432258,469],[406098,488],[850425,113],[457990,448],[663855,272],[73880,747],[259460,589],[739373,206],[954424,33],[493747,421],[745651,202],[90626,731],[140188,686],[18538,798],[868960,100],[449930,457],[751710,202],[552332,369],[583270,350],[404029,502],[755974,198],[196293,652],[475743,440],[638929,301],[559626,368],[204299,652],[216561,639],[770881,188],[3250,827],[133953,705],[387034,520],[831567,131],[721022,219],[877040,94],[688204,259],[907256,75],[302005,581],[145295,705],[488543,437],[399252,517],[34726,806],[857396,113],[859225,111],[446125,481],[757432,203],[473553,457],[539262,392],[526766,412],[483147,443],[275441,612],[51170,803],[681458,274],[954282,34],[671267,283],[226798,649],[609364,337],[556574,383],[400794,529],[118987,749],[186431,692],[974270,17],[742362,218],[604368,343],[522285,424],[112487,760],[19143,847],[804439,160],[726764,225],[742603,219],[594062,365],[777533,189],[956339,33],[218523,672],[680662,284],[38156,836],[643994,314],[434864,516],[327656,594],[193589,700],[664764,296],[653858,310],[888344,91],[495657,458],[508633,449],[167141,726],[101253,790],[600698,360],[934151,57],[60324,832],[85266,812],[160354,735],[423224,532],[914131,74],[418014,536],[343209,600],[579069,387],[780284,191],[773240,199],[863202,113],[363623,587],[410150,549],[314116,622],[870249,108],[309539,626],[872217,104],[847381,133],[595123,380],[262968,664],[734887,236],[166810,747],[665708,304],[12716,899],[226506,695],[30714,880],[946147,47],[553625,414],[357177,604],[818882,155],[923695,67],[107793,811],[842482,140],[472707,501],[93630,828],[605949,367],[496818,475],[185749,746],[158422,768],[791890,186],[473804,502],[704629,275],[325724,631],[492322,485],[759021,222],[204431,736],[721443,248],[574698,406],[800073,176],[184507,757],[622892,355],[432074,554],[642715,338],[678092,305],[999971,0],[838447,143],[976926,17],[400509,587],[872895,108],[612235,375],[470551,522],[254343,704],[607986,378],[506136,485],[706749,280],[994641,7],[717064,260],[861051,126],[450217,544],[465941,536],[290300,686],[115137,841],[111493,847],[875202,109],[594594,408],[582209,418],[162867,798],[202209,765],[519069,480],[290001,691],[905133,89],[802805,183],[68557,904],[382580,619],[92659,878],[575000,425],[763266,229],[350268,652],[88879,889],[989410,12],[53830,923],[856428,135],[660208,338],[795787,196],[863963,123],[129796,844],[639168,363],[226679,750],[93335,888],[266202,718],[239138,740],[102721,882],[772475,224],[281791,712],[1975,991],[503743,506],[630323,371],[528730,483],[567143,440],[941074,58],[355995,660],[251469,741],[236522,753],[719011,270],[776516,220],[971423,25],[921831,75],[846067,151],[682578,323],[368505,649],[633184,377],[216169,786],[241081,755],[797484,200],[738923,263],[250620,752],[354490,672],[36941,976],[920158,81],[54357,959],[93151,917],[804245,189],[519535,505],[165145,840],[112745,897],[137173,868],[657353,356],[697960,311],[793458,206],[229140,778],[659212,355],[655654,363],[432316,606],[84282,948],[426405,613],[904488,95],[779611,225],[900820,96],[313131,714],[369006,665],[133529,887],[452196,584],[945030,54],[338030,701],[804235,193],[959054,35],[693822,320],[994600,8],[461143,584],[669208,350],[678798,342],[286959,752],[681603,339],[602019,431],[215608,822],[956018,41],[365477,682],[117710,922],[545229,493],[497181,546],[215979,826],[22782,1035],[435657,621],[648848,381],[729734,278],[820318,179],[940757,64],[132720,912],[189737,857],[562034,478],[115073,937],[884008,115],[489357,563],[476580,575],[644059,388],[102729,959],[653318,382],[760644,256],[687032,334],[216618,835],[801171,204],[953240,47],[547055,504],[801190,205],[699559,328],[877000,122],[353471,723],[166118,894],[650328,391],[449351,621],[503869,558],[693530,333],[841469,166],[94694,984],[764225,258],[154622,916],[284876,786],[905948,99],[806800,200],[582482,479],[522549,544],[147773,927],[707958,323],[18827,1081],[785921,234],[118659,964],[699662,335],[120164,963],[196435,880],[695498,338],[926456,75],[24664,1080],[83627,1025],[724182,297],[833507,176],[660241,389],[536947,530],[758497,271],[198061,886],[271104,807],[300865,780],[655417,402],[174622,912],[829907,181],[421189,675],[525333,555],[562258,506],[229859,851],[852675,155],[483003,600],[920181,87],[576108,498],[762799,269],[539086,537],[204941,895],[796690,226],[679172,373],[201880,901],[865238,139],[348860,760],[346124,762],[796843,227],[46009,1087],[207960,898],[549301,531],[85215,1053],[103976,1023],[424080,686],[975472,21],[347096,766],[151161,964],[505645,590],[176947,936],[686942,361],[168995,945],[158578,960],[182504,935],[323027,788],[613537,459],[778672,252],[472300,636],[506814,591],[566323,516],[936187,69],[685966,366],[384946,734],[961045,36],[177089,948],[179073,946],[929722,76],[466854,652],[513542,588],[291151,828],[850042,166],[571131,517],[522552,579],[429289,699],[447493,675],[590183,501],[115222,1035],[472803,645],[136127,1007],[957125,42],[491177,623],[442384,688],[974495,23],[909426,104],[593579,501],[724598,315],[517749,593],[887898,123],[610943,473],[744666,300],[974575,23],[176329,974],[389966,752],[959659,40],[965010,36],[157509,1003],[576646,524],[256051,883],[548529,556],[303323,838],[756463,293],[227080,914],[953378,54],[475372,657],[6628,1199],[998121,2],[873866,142],[784658,259],[5302,1204],[138725,1033],[687833,379],[634952,458],[647918,442],[22519,1187],[424533,732],[577923,532],[661499,419],[936294,77],[585375,525],[503878,631],[747144,307],[829819,201],[158496,1023],[987192,16],[785441,261],[413287,754],[449228,707],[147088,1042],[585300,530],[324223,844],[275432,891],[311390,856],[493199,652],[803031,231],[388323,782],[398379,774],[803064,231],[707787,363],[942790,73],[178778,1011],[222444,955],[218604,959],[428130,745],[18732,1223],[657263,438],[583483,536],[964725,39],[598067,521],[227696,950],[825597,206],[127283,1088],[407224,774],[485812,667],[194970,1003],[503009,649],[205935,993],[486655,668],[383516,803],[641741,464],[422754,762],[206817,995],[122611,1107],[398056,791],[805815,228],[256771,930],[881733,138],[500950,654],[78190,1187],[634858,476],[714594,355],[582683,548],[142900,1086],[196773,1015],[727184,333],[370603,822],[143830,1089],[649380,457],[450710,726],[814720,221],[535633,609],[235465,965],[2019,1280],[563336,572],[126023,1120],[834826,198],[804687,233],[448141,739],[953916,56],[452723,730],[442333,753],[104973,1163],[721376,345],[331578,877],[752414,319],[914228,108],[216849,1004],[523868,635],[473539,711],[63014,1225],[209282,1022],[384196,828],[772969,293],[791370,264],[618805,505],[514873,652],[37751,1256],[864165,161],[906895,117],[735503,339],[828502,212],[884543,138],[37769,1261],[64930,1235],[634546,494],[604023,529],[566136,587],[154766,1108],[234353,992],[774860,295],[564305,589],[715106,369],[62712,1246],[748009,330],[89834,1211],[551306,611],[426440,796],[215141,1036],[745793,332],[132299,1149],[176918,1087],[329821,902],[350289,888],[424103,801],[239197,995],[583321,568],[623206,508],[654358,469],[300555,938],[485231,710],[862555,169],[207019,1057],[487302,709],[119357,1183],[298977,945],[788842,271],[524120,657],[10504,1334],[369814,869],[133694,1163],[87438,1243],[205829,1067],[836909,202],[939670,79],[728579,353],[490495,712],[992472,12],[634657,505],[458569,764],[989773,15],[753034,333],[215694,1058],[493125,713],[29738,1322],[495697,708],[622854,520],[496237,708],[922734,100],[682634,434],[167637,1131],[608153,542],[903163,128],[600836,557],[281850,987],[334035,930],[742026,349],[793247,273],[485418,733],[971536,33],[237395,1035],[842639,202],[439294,814],[799496,263],[148413,1172],[529588,667],[371927,892],[17741,1364],[774968,307],[851723,190],[22900,1356],[838232,208],[162931,1156],[158743,1164],[2633,1390],[376662,893],[234823,1048],[419880,844],[807737,247],[834673,215],[643221,505],[369163,906],[730250,366],[283425,1007],[43999,1338],[322091,964],[458416,790],[233661,1060],[821989,232],[645768,504],[438818,827],[197420,1125],[43646,1346],[539711,656],[256067,1037],[423085,851],[512231,707],[765076,327],[34430,1366],[789363,286],[627493,534],[30686,1373],[683889,447],[410017,873],[677745,462],[388346,897],[587590,600],[28963,1382],[110832,1270],[831538,220],[539867,663],[936278,86],[528507,690],[873943,158],[48414,1360],[45173,1364],[391565,900],[630793,536],[9033,1424],[938269,83],[531233,686],[769772,331],[169909,1185],[275152,1039],[432944,850],[938593,83],[650294,507],[199947,1149],[901771,133],[868392,172],[615762,562],[731756,377],[2289,1448],[749055,359],[341489,980],[486565,769],[370603,938],[466837,810],[863617,178],[616817,565],[777302,317],[546239,674],[851916,197],[38374,1399],[342340,988],[273117,1059],[35703,1408],[899657,136],[633216,546],[463506,821],[91223,1336],[169345,1210],[850641,200],[288233,1049],[842887,213],[36139,1416],[879127,156],[745766,370],[343645,993],[872391,166],[633440,551],[527804,717],[367196,961],[662129,498],[900073,136],[159018,1240],[633731,552],[535165,705],[162510,1238],[406484,917],[249759,1103],[894674,143],[622026,571],[722760,401],[661411,503],[571771,655],[60228,1405],[498299,771],[155932,1260],[15362,1475],[825456,243],[464210,837],[658651,511],[192291,1207],[276468,1082],[740340,385],[416511,915],[190345,1212],[493569,786],[946920,71],[652771,527],[578616,653],[489586,796],[516586,749],[338171,1025],[932705,94],[291597,1074],[520632,745],[389464,957],[4593,1510],[162351,1266],[587589,639],[437092,893],[49652,1440],[549914,693],[319260,1050],[725478,402],[521324,748],[652533,530],[924480,104],[515946,759],[107539,1367],[664831,502],[360833,1009],[291727,1087],[703668,447],[789690,306],[146009,1307],[40218,1467],[865975,181],[706072,447],[566537,676],[158294,1293],[771664,344],[965194,41],[693231,464],[62161,1448],[411314,946],[615801,600],[69382,1440],[267205,1127],[194580,1239],[138953,1328],[113137,1375],[68916,1445],[773013,342],[338360,1049],[644061,552],[21780,1522],[700632,457],[784582,322],[864778,185],[979425,23],[129298,1354],[726462,409],[797728,298],[988119,17],[321564,1076],[369008,1012],[866649,184],[247686,1164],[217799,1209],[141816,1340],[799529,294],[569838,689],[600117,640],[394118,983],[923875,109],[3778,1570],[410830,963],[756199,377],[317391,1088],[480433,847],[727872,413],[945245,76],[517413,784],[8151,1571],[960895,49],[549564,725],[132047,1373],[86161,1458],[934836,97],[637008,583],[576238,689],[83568,1468],[966907,42],[745166,398],[558472,718],[483574,851],[405245,986],[188357,1286],[493982,834],[909563,134],[800686,297],[439174,938],[26295,1558],[919737,125],[205010,1266],[542918,746],[441191,934],[386120,1020],[425535,962],[998793,2],[855387,216],[744652,405],[751324,395],[843151,235],[232152,1221],[71855,1502],[293110,1143],[691064,492],[112538,1436],[125001,1411],[264731,1181],[708575,466],[839803,241],[162295,1350],[236564,1219],[468969,897],[450545,922],[968575,39],[442984,941],[787435,332],[641291,592],[37163,1567],[552767,739],[307035,1136],[308270,1136],[32039,1579],[760945,382],[549885,747],[421365,987],[662194,547],[940640,91],[684101,515],[243482,1223],[931617,106],[490508,864],[183542,1335],[767585,377],[279812,1187],[233643,1247],[757657,391],[208710,1296],[57349,1554],[783346,346],[744441,417],[877465,177],[206452,1306],[801121,306],[934994,101],[834052,256],[503220,848],[664033,556],[406723,1025],[459821,933],[886868,167],[476334,901],[151611,1408],[310468,1157],[550076,760],[748439,413],[276728,1205],[263492,1221],[987810,19],[422505,1008],[735695,435],[531143,801],[539667,781],[969728,39],[93094,1522],[411985,1027],[768654,385],[672891,551],[288529,1202],[560296,752],[119900,1481],[994842,9],[427902,1005],[141250,1443],[988690,19],[314889,1166],[11354,1669],[622320,646],[670951,555],[689677,519],[521085,833],[417583,1029],[642742,612],[401419,1056],[131107,1473],[36686,1633],[507418,859],[935379,105],[90165,1551],[651565,597],[963080,54],[521343,836],[288133,1221],[724449,459],[758443,404],[288788,1220],[911451,141],[511406,861],[892555,170],[220744,1319],[425731,1025],[122335,1505],[686013,533],[980919,27],[253593,1274],[986426,24],[680551,553],[278178,1243],[729565,454],[312356,1194],[329533,1170],[939299,100],[70832,1607],[842250,256],[541431,803],[664862,576],[123973,1513],[311963,1201],[995604,8],[51737,1639],[5179,1725],[890568,175],[989008,20],[458427,977],[193222,1396],[443099,1004],[697589,523],[122799,1525],[570706,759],[894496,174],[67922,1627],[813486,303],[919933,141],[11784,1724],[945926,89],[163681,1449],[90208,1593],[537480,820],[8962,1735],[847180,254],[846938,255],[998914,2],[280123,1265],[556030,790],[285505,1261],[460807,984],[403063,1092],[983467,30],[254855,1304],[619650,684],[729968,465],[681074,567],[714091,501],[329579,1197],[837722,273],[487576,936],[380934,1132],[433995,1044],[94094,1602],[352721,1179],[894136,179],[653101,625],[392355,1118],[575961,768],[834142,281],[213615,1394],[315644,1227],[473604,970],[452855,1006],[262372,1313],[460151,997],[817158,305],[386202,1135],[391236,1127],[782441,379],[718328,495],[90125,1633],[376568,1152],[592798,747],[133388,1548],[799159,343],[484368,952],[752207,440],[867156,218],[980421,34],[636659,667],[740254,466],[930745,123],[856185,244],[913773,152],[259926,1332],[308051,1261],[152931,1527],[592640,757],[504140,920],[313291,1255],[993623,14],[184218,1474],[760992,427],[823406,305],[276134,1319],[858284,243],[640458,668],[742593,468],[819771,311],[248155,1363],[746158,458],[861679,237],[73444,1696],[406342,1128],[695725,556],[885154,194],[437856,1073],[291600,1301],[127311,1593],[132833,1582],[846925,268],[130028,1591],[640722,675],[550915,837],[458102,1035],[501035,942],[976107,39],[511659,924],[62240,1727],[276645,1336],[488064,972],[49758,1747],[803044,344],[537549,864],[635317,689],[424060,1110],[927488,128],[170253,1522],[305188,1293],[431714,1096],[616893,724],[931005,125],[64393,1736],[111822,1651],[256743,1374],[382026,1188],[403443,1152],[639168,685],[216162,1451],[646160,666],[546482,857],[362938,1223],[162887,1550],[339101,1258],[756699,447],[319550,1283],[244486,1401],[921606,145],[303245,1311],[665327,621],[961507,64],[164464,1553],[832174,301],[684178,592],[224456,1444],[693789,570],[775712,414],[131785,1629],[921373,147],[993892,14],[832525,303],[319556,1293],[511566,945],[888246,197],[592823,789],[227731,1446],[33620,1823],[65825,1766],[251189,1410],[2490,1886],[928511,131],[839183,290],[239431,1427],[705925,561],[728327,508],[380751,1212],[567130,833],[373315,1222],[344245,1273],[774975,421],[181553,1552],[928711,131],[579701,816],[2798,1898],[393168,1194],[77911,1770],[620106,741],[809671,343],[397784,1191],[505334,969],[915747,160],[693733,584],[382078,1221],[552895,865],[8937,1895],[828096,318],[7366,1901],[918586,159],[508047,968],[696100,581],[752733,473],[20645,1878],[177183,1573],[322346,1318],[506481,974],[856916,260],[426382,1146],[635524,719],[216471,1505],[362566,1268],[789283,395],[71541,1796],[274300,1409],[411183,1178],[143737,1652],[703543,575],[134602,1668],[333813,1310],[556927,867],[404275,1195],[332907,1313],[810305,346],[813456,343],[603428,781],[158899,1630],[535022,921],[661014,662],[52779,1841],[834394,305],[79408,1804],[791417,394],[286762,1403],[662782,659],[31114,1887],[999919,1],[976386,41],[846384,284],[539341,913],[949197,91],[681541,631],[15713,1926],[562612,869],[95364,1771],[763925,459],[640005,723],[104399,1764],[430199,1160],[183525,1600],[401112,1220],[315769,1358],[66480,1839],[180579,1606],[219605,1526],[378485,1261],[290297,1406],[9008,1953],[967276,59],[62840,1853],[373460,1269],[198758,1578],[613347,780],[608096,787],[222837,1525],[509492,993],[683718,627],[858350,261],[551748,898],[658979,681],[465674,1098],[920044,160],[151413,1684],[528450,958],[343645,1334],[670197,655],[82936,1838],[641194,726]]
